R device_connect OK
R device_subscribe bat OK
Wrong command format: device_subscribe <STREAM> ON/OFF R device_subscribe tmp OK
Wrong command format: device_subscribe <STREAM> ON/OFF E4_Temperature 1646467665,24261 32,35
E4_Temperature 1646467665,74263 32,35
E4_Temperature 1646467665,49262 32,35
E4_Temperature 1646467665,99264 32,35
E4_Temperature 1646467666,49266 32,39
E4_Temperature 1646467666,24265 32,39
E4_Temperature 1646467666,99269 32,39
E4_Temperature 1646467666,74268 32,39
E4_Temperature 1646467667,2427 32,35
E4_Temperature 1646467667,49271 32,35
E4_Temperature 1646467667,74272 32,35
E4_Temperature 1646467667,99273 32,35
E4_Temperature 1646467668,24274 32,35
E4_Temperature 1646467668,49276 32,35
E4_Temperature 1646467668,74277 32,35
E4_Temperature 1646467668,99278 32,35
E4_Temperature 1646467669,24279 32,37
E4_Temperature 1646467669,4928 32,37
E4_Temperature 1646467669,99283 32,37
E4_Temperature 1646467670,49285 32,37
E4_Temperature 1646467670,74286 32,37
E4_Temperature 1646467670,99287 32,37
E4_Temperature 1646467670,24284 32,37
E4_Temperature 1646467669,74281 32,37
E4_Temperature 1646467671,24288 32,37
E4_Temperature 1646467671,74291 32,37
E4_Temperature 1646467671,49289 32,37
E4_Temperature 1646467672,24293 32,37
E4_Temperature 1646467672,49294 32,37
E4_Temperature 1646467672,99296 32,37
E4_Temperature 1646467671,99292 32,37
E4_Temperature 1646467672,74295 32,37
E4_Temperature 1646467673,24298 32,35
E4_Temperature 1646467673,743 32,35
E4_Temperature 1646467673,99301 32,35
E4_Temperature 1646467673,49299 32,35
E4_Temperature 1646467674,99306 32,37
E4_Temperature 1646467674,74305 32,37
E4_Temperature 1646467674,49303 32,37
E4_Temperature 1646467674,24302 32,37
E4_Temperature 1646467675,24307 32,37
E4_Temperature 1646467675,49308 32,37
E4_Temperature 1646467675,74309 32,37
E4_Temperature 1646467676,99315 32,37
E4_Temperature 1646467676,24311 32,37
E4_Temperature 1646467676,74314 32,37
E4_Temperature 1646467675,9931 32,37
E4_Temperature 1646467676,49313 32,37
E4_Temperature 1646467677,24316 32,37
E4_Temperature 1646467678,24321 32,37
E4_Temperature 1646467678,99324 32,37
E4_Temperature 1646467677,49317 32,37
E4_Temperature 1646467678,49322 32,37
E4_Temperature 1646467678,74323 32,37
E4_Temperature 1646467677,74318 32,37
E4_Temperature 1646467677,9932 32,37
E4_Temperature 1646467679,24325 32,35
E4_Temperature 1646467679,74328 32,35
E4_Temperature 1646467680,99333 32,37
E4_Temperature 1646467679,49327 32,35
E4_Temperature 1646467679,99329 32,35
E4_Temperature 1646467680,49331 32,37
E4_Temperature 1646467680,74332 32,37
E4_Temperature 1646467680,2433 32,37
E4_Temperature 1646467681,24335 32,37
E4_Temperature 1646467682,74342 32,37
E4_Temperature 1646467681,99338 32,37
E4_Temperature 1646467682,24339 32,37
E4_Temperature 1646467681,74337 32,37
E4_Temperature 1646467681,49336 32,37
E4_Temperature 1646467682,4934 32,37
E4_Temperature 1646467682,99343 32,37
E4_Temperature 1646467683,24344 32,35
E4_Temperature 1646467683,74346 32,35
E4_Temperature 1646467684,99352 32,37
E4_Temperature 1646467684,24349 32,37
E4_Temperature 1646467683,49345 32,35
E4_Temperature 1646467684,4935 32,37
E4_Temperature 1646467684,74351 32,37
E4_Temperature 1646467683,99347 32,35
E4_Temperature 1646467685,24353 32,35
E4_Temperature 1646467685,74355 32,35
E4_Temperature 1646467686,24358 32,39
E4_Temperature 1646467685,99357 32,35
E4_Temperature 1646467686,99361 32,39
E4_Temperature 1646467686,7436 32,39
E4_Temperature 1646467685,49354 32,35
E4_Temperature 1646467686,49359 32,39
E4_Temperature 1646467687,24362 32,37
E4_Temperature 1646467688,49368 32,37
E4_Temperature 1646467688,24367 32,37
E4_Temperature 1646467688,74369 32,37
E4_Temperature 1646467688,99371 32,37
E4_Temperature 1646467687,74365 32,37
E4_Temperature 1646467687,49364 32,37
E4_Temperature 1646467687,99366 32,37
E4_Temperature 1646467689,24372 32,37
E4_Temperature 1646467689,49373 32,37
E4_Temperature 1646467689,74374 32,37
E4_Temperature 1646467690,74379 32,37
E4_Temperature 1646467690,9938 32,37
E4_Temperature 1646467689,99375 32,37
E4_Temperature 1646467690,49377 32,37
E4_Temperature 1646467690,24376 32,37
E4_Temperature 1646467691,24381 32,39
E4_Temperature 1646467691,74383 32,39
E4_Temperature 1646467692,99389 32,39
E4_Temperature 1646467692,74388 32,39
E4_Temperature 1646467691,99384 32,39
E4_Temperature 1646467692,49387 32,39
E4_Temperature 1646467692,24386 32,39
E4_Temperature 1646467691,49382 32,39
E4_Temperature 1646467693,2439 32,35
E4_Temperature 1646467693,49391 32,35
E4_Temperature 1646467693,99394 32,35
E4_Temperature 1646467694,49396 32,37
E4_Temperature 1646467694,99398 32,37
E4_Temperature 1646467694,24395 32,37
E4_Temperature 1646467693,74393 32,35
E4_Temperature 1646467694,74397 32,37
E4_Temperature 1646467695,24399 32,41
E4_Temperature 1646467695,74402 32,41
E4_Temperature 1646467695,49401 32,41
E4_Temperature 1646467696,74406 32,39
E4_Temperature 1646467696,99408 32,39
E4_Temperature 1646467696,24404 32,39
E4_Temperature 1646467695,99403 32,41
E4_Temperature 1646467696,49405 32,39
E4_Temperature 1646467697,24409 32,37
E4_Temperature 1646467698,74416 32,37
E4_Temperature 1646467697,99412 32,37
E4_Temperature 1646467697,74411 32,37
E4_Temperature 1646467698,49415 32,37
E4_Temperature 1646467698,24413 32,37
E4_Temperature 1646467697,4941 32,37
E4_Temperature 1646467698,99417 32,37
E4_Temperature 1646467699,24418 32,37
E4_Temperature 1646467699,7442 32,37
E4_Temperature 1646467700,24423 32,35
E4_Temperature 1646467699,49419 32,37
E4_Temperature 1646467700,74425 32,35
E4_Temperature 1646467700,49424 32,35
E4_Temperature 1646467700,99426 32,35
E4_Temperature 1646467699,99421 32,37
E4_Temperature 1646467701,24427 32,37
E4_Temperature 1646467701,99431 32,37
E4_Temperature 1646467701,7443 32,37
E4_Temperature 1646467701,49428 32,37
E4_Temperature 1646467702,49433 32,37
E4_Temperature 1646467702,74434 32,37
E4_Temperature 1646467702,99435 32,37
E4_Temperature 1646467702,24432 32,37
E4_Temperature 1646467703,24436 32,37
E4_Temperature 1646467703,49438 32,37
E4_Temperature 1646467704,99445 32,37
E4_Temperature 1646467703,9944 32,37
E4_Temperature 1646467704,49442 32,37
E4_Temperature 1646467704,74443 32,37
E4_Temperature 1646467704,24441 32,37
E4_Temperature 1646467703,74439 32,37
E4_Temperature 1646467705,24446 32,37
E4_Temperature 1646467706,99454 32,35
E4_Temperature 1646467706,49452 32,35
E4_Temperature 1646467706,2445 32,35
E4_Temperature 1646467705,49447 32,37
E4_Temperature 1646467706,74453 32,35
E4_Temperature 1646467705,99449 32,37
E4_Temperature 1646467705,74448 32,37
E4_Temperature 1646467707,24455 32,37
E4_Temperature 1646467708,74462 32,35
E4_Temperature 1646467708,99463 32,35
E4_Temperature 1646467707,74457 32,37
E4_Temperature 1646467708,49461 32,35
E4_Temperature 1646467708,2446 32,35
E4_Temperature 1646467707,49456 32,37
E4_Temperature 1646467707,99458 32,37
E4_Temperature 1646467709,24464 32,37
E4_Temperature 1646467710,99472 32,35
E4_Temperature 1646467709,74467 32,37
E4_Temperature 1646467710,24469 32,35
E4_Temperature 1646467710,74471 32,35
E4_Temperature 1646467709,99468 32,37
E4_Temperature 1646467709,49465 32,37
E4_Temperature 1646467710,4947 32,35
E4_Temperature 1646467711,24474 32,37
E4_Temperature 1646467711,49475 32,37
E4_Temperature 1646467711,99477 32,37
E4_Temperature 1646467711,74476 32,37
E4_Temperature 1646467712,24478 32,37
E4_Temperature 1646467712,49479 32,37
E4_Temperature 1646467712,99482 32,37
E4_Temperature 1646467712,7448 32,37
E4_Temperature 1646467713,24483 32,37
E4_Temperature 1646467713,74485 32,37
E4_Temperature 1646467714,99491 32,37
E4_Temperature 1646467714,7449 32,37
E4_Temperature 1646467714,49489 32,37
E4_Temperature 1646467714,24487 32,37
E4_Temperature 1646467713,49484 32,37
E4_Temperature 1646467713,99486 32,37
E4_Temperature 1646467715,24492 32,37
E4_Temperature 1646467715,99496 32,37
E4_Temperature 1646467715,49493 32,37
E4_Temperature 1646467715,74494 32,37
E4_Temperature 1646467716,995 32,37
E4_Temperature 1646467716,74499 32,37
E4_Temperature 1646467716,49498 32,37
E4_Temperature 1646467716,24497 32,37
E4_Temperature 1646467717,24501 32,37
E4_Temperature 1646467718,24506 32,37
E4_Temperature 1646467717,74504 32,37
E4_Temperature 1646467717,49502 32,37
E4_Temperature 1646467718,74508 32,37
E4_Temperature 1646467718,99509 32,37
E4_Temperature 1646467717,99505 32,37
E4_Temperature 1646467718,49507 32,37
E4_Temperature 1646467719,24511 32,33
E4_Temperature 1646467719,49512 32,33
E4_Temperature 1646467719,99514 32,33
E4_Temperature 1646467720,24515 32,33
E4_Temperature 1646467720,99519 32,33
E4_Temperature 1646467720,74518 32,33
E4_Temperature 1646467720,49516 32,33
E4_Temperature 1646467719,74513 32,33
E4_Temperature 1646467721,2452 32,35
E4_Temperature 1646467722,74527 32,37
E4_Temperature 1646467721,74522 32,35
E4_Temperature 1646467722,99528 32,37
E4_Temperature 1646467722,24524 32,37
E4_Temperature 1646467722,49526 32,37
E4_Temperature 1646467721,49521 32,35
E4_Temperature 1646467721,99523 32,35
E4_Temperature 1646467723,24529 32,35
E4_Temperature 1646467723,74531 32,35
E4_Temperature 1646467723,4953 32,35
E4_Temperature 1646467724,74536 32,35
E4_Temperature 1646467724,49535 32,35
E4_Temperature 1646467724,24534 32,35
E4_Temperature 1646467724,99537 32,35
E4_Temperature 1646467723,99533 32,35
E4_Temperature 1646467725,24538 32,35
E4_Temperature 1646467725,74541 32,35
E4_Temperature 1646467726,24543 32,35
E4_Temperature 1646467726,49544 32,35
E4_Temperature 1646467725,99542 32,35
E4_Temperature 1646467726,74545 32,35
E4_Temperature 1646467726,99546 32,35
E4_Temperature 1646467725,4954 32,35
E4_Temperature 1646467727,24548 32,35
E4_Temperature 1646467727,49549 32,35
E4_Temperature 1646467727,99551 32,35
E4_Temperature 1646467728,24552 32,37
E4_Temperature 1646467727,7455 32,35
E4_Temperature 1646467728,74555 32,37
E4_Temperature 1646467728,49553 32,37
E4_Temperature 1646467728,99556 32,37
E4_Temperature 1646467729,24557 32,35
E4_Temperature 1646467729,74559 32,35
E4_Temperature 1646467730,49563 32,37
E4_Temperature 1646467729,49558 32,35
E4_Temperature 1646467729,9956 32,35
E4_Temperature 1646467730,24562 32,37
E4_Temperature 1646467730,74564 32,37
E4_Temperature 1646467730,99565 32,37
E4_Temperature 1646467731,24566 32,35
E4_Temperature 1646467731,74568 32,35
E4_Temperature 1646467731,9957 32,35
E4_Temperature 1646467732,24571 32,35
E4_Temperature 1646467731,49567 32,35
E4_Temperature 1646467732,74573 32,35
E4_Temperature 1646467732,99574 32,35
E4_Temperature 1646467732,49572 32,35
E4_Temperature 1646467733,24575 32,35
E4_Temperature 1646467733,74578 32,35
E4_Temperature 1646467734,99584 32,37
E4_Temperature 1646467734,74582 32,37
E4_Temperature 1646467733,99579 32,35
E4_Temperature 1646467733,49577 32,35
E4_Temperature 1646467734,49581 32,37
E4_Temperature 1646467734,2458 32,37
E4_Battery 1646467495,56582 0,28
E4_Battery 1646467595,57045 0,29
E4_Battery 1646467615,57137 0,28
E4_Battery 1646467535,56767 0,29
E4_Battery 1646467555,56859 0,28
E4_Battery 1646467655,57322 0,29
E4_Battery 1646467675,57415 0,28
E4_Battery 1646467695,57508 0,29
E4_Battery 1646467715,576 0,28
E4_Battery 1646467735,57693 0,28
E4_Battery 1646467755,57785 0,29
E4_Battery 1646467515,56674 0,29
E4_Battery 1646467575,56952 0,28
E4_Battery 1646467635,5723 0,28
E4_Temperature 1646467735,24585 32,35
E4_Temperature 1646467735,49586 32,35
E4_Temperature 1646467736,99593 32,37
E4_Temperature 1646467736,74592 32,37
E4_Temperature 1646467735,74587 32,35
E4_Temperature 1646467736,4959 32,37
E4_Temperature 1646467735,99588 32,35
E4_Temperature 1646467736,24589 32,37
E4_Temperature 1646467737,24594 32,35
E4_Temperature 1646467737,74596 32,35
E4_Temperature 1646467738,74601 32,37
E4_Temperature 1646467737,99597 32,35
E4_Temperature 1646467738,496 32,37
E4_Temperature 1646467738,99602 32,37
E4_Temperature 1646467737,49595 32,35
E4_Temperature 1646467738,24599 32,37
E4_Temperature 1646467739,24603 32,35
E4_Temperature 1646467740,49609 32,35
E4_Temperature 1646467740,24608 32,35
E4_Temperature 1646467739,49604 32,35
E4_Temperature 1646467739,74605 32,35
E4_Temperature 1646467740,99611 32,35
E4_Temperature 1646467740,7461 32,35
E4_Temperature 1646467739,99607 32,35
E4_Temperature 1646467741,24612 32,35
E4_Temperature 1646467741,49614 32,35
E4_Temperature 1646467742,24617 32,37
E4_Temperature 1646467742,99621 32,37
E4_Temperature 1646467741,74615 32,35
E4_Temperature 1646467741,99616 32,35
E4_Temperature 1646467742,49618 32,37
E4_Temperature 1646467742,74619 32,37
E4_Temperature 1646467743,24622 32,35
E4_Temperature 1646467743,49623 32,35
E4_Temperature 1646467743,74624 32,35
E4_Temperature 1646467743,99625 32,35
E4_Temperature 1646467744,49627 32,37
E4_Temperature 1646467744,24626 32,37
E4_Temperature 1646467744,74629 32,37
E4_Temperature 1646467744,9963 32,37
E4_Temperature 1646467745,49632 32,35
E4_Temperature 1646467745,74633 32,35
E4_Temperature 1646467746,24636 32,35
E4_Temperature 1646467746,74638 32,35
E4_Temperature 1646467745,24631 32,35
E4_Temperature 1646467746,99639 32,35
E4_Temperature 1646467746,49637 32,35
E4_Temperature 1646467745,99634 32,35
E4_Temperature 1646467747,2464 32,33
E4_Temperature 1646467748,99648 32,35
E4_Temperature 1646467748,24645 32,35
E4_Temperature 1646467748,74647 32,35
E4_Temperature 1646467747,74643 32,33
E4_Temperature 1646467747,49641 32,33
E4_Temperature 1646467748,49646 32,35
E4_Temperature 1646467747,99644 32,33
E4_Temperature 1646467749,24649 32,35
E4_Temperature 1646467749,49651 32,35
E4_Temperature 1646467750,99658 32,37
E4_Temperature 1646467749,74652 32,35
E4_Temperature 1646467749,99653 32,35
E4_Temperature 1646467750,74656 32,37
E4_Temperature 1646467750,24654 32,37
E4_Temperature 1646467750,49655 32,37
E4_Temperature 1646467751,24659 32,35
E4_Temperature 1646467752,49665 32,35
E4_Temperature 1646467752,24663 32,35
E4_Temperature 1646467751,99662 32,35
E4_Temperature 1646467751,74661 32,35
E4_Temperature 1646467752,74666 32,35
E4_Temperature 1646467751,4966 32,35
E4_Temperature 1646467752,99667 32,35
E4_Temperature 1646467753,24668 32,33
E4_Temperature 1646467753,49669 32,33
E4_Temperature 1646467753,7467 32,33
E4_Temperature 1646467754,24673 32,35
E4_Temperature 1646467754,99676 32,35
E4_Temperature 1646467754,49674 32,35
E4_Temperature 1646467754,74675 32,35
E4_Temperature 1646467753,99671 32,33
E4_Temperature 1646467755,24677 32,35
E4_Temperature 1646467755,7468 32,35
E4_Temperature 1646467756,99685 32,35
E4_Temperature 1646467755,49678 32,35
E4_Temperature 1646467756,49683 32,35
E4_Temperature 1646467756,24682 32,35
E4_Temperature 1646467755,99681 32,35
E4_Temperature 1646467756,74684 32,35
E4_Temperature 1646467757,24687 32,35
E4_Temperature 1646467757,74689 32,35
E4_Temperature 1646467757,9969 32,35
E4_Temperature 1646467757,49688 32,35
E4_Temperature 1646467758,24691 32,35
E4_Temperature 1646467758,74693 32,35
E4_Temperature 1646467758,49692 32,35
E4_Temperature 1646467758,99695 32,35
E4_Temperature 1646467759,24696 32,33
E4_Temperature 1646467759,99699 32,33
E4_Temperature 1646467759,74698 32,33
E4_Temperature 1646467760,74703 32,35
E4_Temperature 1646467760,49702 32,35
E4_Temperature 1646467759,49697 32,33
E4_Temperature 1646467760,99704 32,35
E4_Temperature 1646467760,247 32,35
E4_Temperature 1646467761,24705 32,35
E4_Temperature 1646467762,99713 32,35
E4_Temperature 1646467762,49711 32,35
E4_Temperature 1646467762,74712 32,35
E4_Temperature 1646467761,99709 32,35
E4_Temperature 1646467761,49706 32,35
E4_Temperature 1646467762,2471 32,35
E4_Temperature 1646467761,74707 32,35
E4_Temperature 1646467763,24714 32,35
E4_Temperature 1646467763,49715 32,35
E4_Temperature 1646467764,99722 32,35
E4_Temperature 1646467763,99718 32,35
E4_Temperature 1646467764,74721 32,35
E4_Temperature 1646467764,4972 32,35
E4_Temperature 1646467763,74717 32,35
E4_Temperature 1646467764,24719 32,35
E4_Temperature 1646467765,24724 32,35
E4_Temperature 1646467765,49725 32,35
E4_Temperature 1646467765,74726 32,35
E4_Temperature 1646467766,49729 32,33
E4_Temperature 1646467766,99732 32,33
E4_Temperature 1646467766,24728 32,33
E4_Temperature 1646467766,7473 32,33
E4_Temperature 1646467765,99727 32,35
E4_Temperature 1646467767,24733 32,35
E4_Temperature 1646467767,49734 32,35
E4_Temperature 1646467767,74735 32,35
E4_Temperature 1646467768,99741 32,35
E4_Temperature 1646467768,49739 32,35
E4_Temperature 1646467768,24737 32,35
E4_Temperature 1646467767,99736 32,35
E4_Temperature 1646467768,7474 32,35
E4_Temperature 1646467769,24742 32,35
E4_Temperature 1646467770,24747 32,35
E4_Temperature 1646467769,49743 32,35
E4_Temperature 1646467770,49748 32,35
E4_Temperature 1646467770,9975 32,35
E4_Temperature 1646467769,74744 32,35
E4_Temperature 1646467770,74749 32,35
E4_Temperature 1646467769,99746 32,35
E4_Temperature 1646467771,24751 32,35
E4_Temperature 1646467771,74754 32,35
E4_Temperature 1646467772,49757 32,33
E4_Temperature 1646467772,24756 32,33
E4_Temperature 1646467771,49752 32,35
E4_Temperature 1646467772,99759 32,33
E4_Temperature 1646467772,74758 32,33
E4_Temperature 1646467771,99755 32,35
E4_Temperature 1646467773,24761 32,35
E4_Temperature 1646467773,74763 32,35
E4_Temperature 1646467774,74768 32,33
E4_Temperature 1646467773,49762 32,35
E4_Temperature 1646467774,49766 32,33
E4_Temperature 1646467774,24765 32,33
E4_Temperature 1646467773,99764 32,35
E4_Temperature 1646467774,99769 32,33
E4_Temperature 1646467775,2477 32,35
E4_Temperature 1646467775,74772 32,35
E4_Temperature 1646467776,74777 32,37
E4_Temperature 1646467776,24774 32,37
E4_Temperature 1646467775,49771 32,35
E4_Temperature 1646467776,99778 32,37
E4_Temperature 1646467775,99773 32,35
E4_Temperature 1646467776,49776 32,37
E4_Temperature 1646467777,24779 32,33
E4_Temperature 1646467777,74781 32,33
E4_Temperature 1646467777,99783 32,33
E4_Temperature 1646467777,4978 32,33
E4_Temperature 1646467778,74786 32,33
E4_Temperature 1646467778,24784 32,33
E4_Temperature 1646467778,99787 32,33
E4_Temperature 1646467778,49785 32,33
E4_Temperature 1646467779,24788 32,35
E4_Temperature 1646467780,24793 32,33
E4_Temperature 1646467779,4979 32,35
E4_Temperature 1646467780,49794 32,33
E4_Temperature 1646467779,99792 32,35
E4_Temperature 1646467780,74795 32,33
E4_Temperature 1646467780,99796 32,33
E4_Temperature 1646467779,74791 32,35
E4_Temperature 1646467781,24798 32,33
E4_Temperature 1646467781,49799 32,33
E4_Temperature 1646467782,99806 32,33
E4_Temperature 1646467782,24802 32,33
E4_Temperature 1646467781,748 32,33
E4_Temperature 1646467781,99801 32,33
E4_Temperature 1646467782,49803 32,33
E4_Temperature 1646467782,74805 32,33
E4_Temperature 1646467783,24807 32,33
E4_Temperature 1646467783,49808 32,33
E4_Temperature 1646467783,9981 32,33
E4_Temperature 1646467784,74814 32,35
E4_Temperature 1646467784,24812 32,35
E4_Temperature 1646467783,74809 32,33
E4_Temperature 1646467784,99815 32,35
E4_Temperature 1646467784,49813 32,35
E4_Temperature 1646467785,24816 32,31
E4_Temperature 1646467786,99824 32,33
E4_Temperature 1646467785,9982 32,31
E4_Temperature 1646467786,49822 32,33
E4_Temperature 1646467786,74823 32,33
E4_Temperature 1646467786,24821 32,33
E4_Temperature 1646467785,74818 32,31
E4_Temperature 1646467785,49817 32,31
E4_Temperature 1646467787,24825 32,33
E4_Temperature 1646467788,74832 32,33
E4_Temperature 1646467787,74828 32,33
E4_Temperature 1646467787,99829 32,33
E4_Temperature 1646467788,99834 32,33
E4_Temperature 1646467788,49831 32,33
E4_Temperature 1646467787,49827 32,33
E4_Temperature 1646467788,2483 32,33
E4_Temperature 1646467789,24835 32,35
E4_Temperature 1646467789,74837 32,35
E4_Temperature 1646467790,74842 32,33
E4_Temperature 1646467789,49836 32,35
E4_Temperature 1646467790,99843 32,33
E4_Temperature 1646467789,99838 32,35
E4_Temperature 1646467790,24839 32,33
E4_Temperature 1646467790,4984 32,33
E4_Temperature 1646467791,24844 32,33
E4_Temperature 1646467791,74846 32,33
E4_Temperature 1646467792,74851 32,31
E4_Temperature 1646467792,4985 32,31
E4_Temperature 1646467791,99847 32,33
E4_Temperature 1646467792,99852 32,31
E4_Temperature 1646467791,49845 32,33
E4_Temperature 1646467792,24849 32,31
E4_Temperature 1646467793,24853 32,33
E4_Temperature 1646467793,49854 32,33
E4_Temperature 1646467794,7486 32,35
E4_Temperature 1646467794,49859 32,35
E4_Temperature 1646467793,99857 32,33
E4_Temperature 1646467793,74855 32,33
E4_Temperature 1646467794,24858 32,35
E4_Temperature 1646467794,99861 32,35
E4_Temperature 1646467795,24862 32,31
E4_Temperature 1646467795,49864 32,31
E4_Temperature 1646467795,74865 32,31
E4_Temperature 1646467795,99866 32,31
E4_Temperature 1646467796,24867 32,33
E4_Temperature 1646467796,74869 32,33
E4_Temperature 1646467796,49868 32,33
E4_Temperature 1646467796,99871 32,33
E4_Temperature 1646467797,24872 32,33
E4_Temperature 1646467797,49873 32,33
E4_Temperature 1646467798,24876 32,35
E4_Temperature 1646467798,74879 32,35
E4_Temperature 1646467797,99875 32,33
E4_Temperature 1646467798,49878 32,35
E4_Temperature 1646467798,9988 32,35
E4_Temperature 1646467797,74874 32,33
E4_Temperature 1646467799,24881 32,33
E4_Temperature 1646467799,74883 32,33
E4_Temperature 1646467800,24886 32,33
E4_Temperature 1646467800,99889 32,33
E4_Temperature 1646467799,99884 32,33
E4_Temperature 1646467799,49882 32,33
E4_Temperature 1646467800,74888 32,33
E4_Temperature 1646467800,49887 32,33
E4_Temperature 1646467801,2489 32,35
E4_Temperature 1646467801,49891 32,35
E4_Temperature 1646467801,99894 32,35
E4_Temperature 1646467802,74897 32,35
E4_Temperature 1646467802,99898 32,35
E4_Temperature 1646467802,24895 32,35
E4_Temperature 1646467802,49896 32,35
E4_Temperature 1646467801,74893 32,35
E4_Temperature 1646467803,24899 32,33
E4_Temperature 1646467803,49901 32,33
E4_Temperature 1646467804,24904 32,33
E4_Temperature 1646467804,49905 32,33
E4_Temperature 1646467804,74906 32,33
E4_Temperature 1646467804,99908 32,33
E4_Temperature 1646467803,99903 32,33
E4_Temperature 1646467803,74902 32,33
E4_Temperature 1646467805,24909 32,31
E4_Temperature 1646467806,24913 32,33
E4_Temperature 1646467806,49915 32,33
E4_Temperature 1646467806,74916 32,33
E4_Temperature 1646467806,99917 32,33
E4_Temperature 1646467805,74911 32,31
E4_Temperature 1646467805,4991 32,31
E4_Temperature 1646467805,99912 32,31
E4_Temperature 1646467807,24918 32,33
E4_Temperature 1646467808,24923 32,33
E4_Temperature 1646467808,49924 32,33
E4_Temperature 1646467807,99921 32,33
E4_Temperature 1646467808,74925 32,33
E4_Temperature 1646467807,49919 32,33
E4_Temperature 1646467808,99926 32,33
E4_Temperature 1646467807,7492 32,33
E4_Temperature 1646467809,24927 32,33
E4_Temperature 1646467809,49928 32,33
E4_Temperature 1646467809,7493 32,33
E4_Temperature 1646467810,49933 32,33
E4_Temperature 1646467809,99931 32,33
E4_Temperature 1646467810,74934 32,33
E4_Temperature 1646467810,99935 32,33
E4_Temperature 1646467810,24932 32,33
E4_Temperature 1646467811,24937 32,33
E4_Temperature 1646467812,74943 32,33
E4_Temperature 1646467811,74939 32,33
E4_Temperature 1646467812,99945 32,33
E4_Temperature 1646467811,9994 32,33
E4_Temperature 1646467812,24941 32,33
E4_Temperature 1646467811,49938 32,33
E4_Temperature 1646467812,49942 32,33
E4_Temperature 1646467813,24946 32,31
E4_Temperature 1646467813,99949 32,31
E4_Temperature 1646467814,99954 32,31
E4_Temperature 1646467813,74948 32,31
E4_Temperature 1646467814,49952 32,31
E4_Temperature 1646467814,2495 32,31
E4_Temperature 1646467813,49947 32,31
E4_Temperature 1646467814,74953 32,31
E4_Temperature 1646467815,24955 32,29
E4_Temperature 1646467815,74957 32,29
E4_Temperature 1646467816,49961 32,33
E4_Temperature 1646467816,74962 32,33
E4_Temperature 1646467816,99963 32,33
E4_Temperature 1646467816,2496 32,33
E4_Temperature 1646467815,99959 32,29
E4_Temperature 1646467815,49956 32,29
E4_Temperature 1646467817,24964 32,33
E4_Temperature 1646467817,49965 32,33
E4_Temperature 1646467818,74971 32,31
E4_Temperature 1646467817,99968 32,33
E4_Temperature 1646467818,4997 32,31
E4_Temperature 1646467817,74967 32,33
E4_Temperature 1646467818,24969 32,31
E4_Temperature 1646467818,99972 32,31
E4_Temperature 1646467819,24974 32,31
E4_Temperature 1646467820,24978 32,33
E4_Temperature 1646467820,99982 32,33
E4_Temperature 1646467820,49979 32,33
E4_Temperature 1646467820,74981 32,33
E4_Temperature 1646467819,49975 32,31
E4_Temperature 1646467819,74976 32,31
E4_Temperature 1646467819,99977 32,31
E4_Temperature 1646467821,24983 32,31
E4_Temperature 1646467821,74985 32,31
E4_Temperature 1646467821,49984 32,31
E4_Temperature 1646467822,99991 32,29
E4_Temperature 1646467821,99986 32,31
E4_Temperature 1646467822,7499 32,29
E4_Temperature 1646467822,49989 32,29
E4_Temperature 1646467822,24987 32,29
E4_Temperature 1646467823,24992 32,31
E4_Temperature 1646467823,74994 32,31
E4_Temperature 1646467824,74999 32,31
E4_Temperature 1646467823,49993 32,31
E4_Temperature 1646467824,24997 32,31
E4_Temperature 1646467824,49998 32,31
E4_Temperature 1646467823,99996 32,31
E4_Temperature 1646467825 32,31
E4_Temperature 1646467825,25001 32,31
E4_Temperature 1646467825,50003 32,31
E4_Temperature 1646467825,75004 32,31
E4_Temperature 1646467826,25006 32,31
E4_Temperature 1646467826,00005 32,31
E4_Temperature 1646467826,50007 32,31
E4_Temperature 1646467826,75008 32,31
E4_Temperature 1646467827,00009 32,31
E4_Temperature 1646467827,25011 32,31
E4_Temperature 1646467827,75013 32,31
E4_Temperature 1646467828,00014 32,31
E4_Temperature 1646467829,00019 32,31
E4_Temperature 1646467828,75018 32,31
E4_Temperature 1646467828,50016 32,31
E4_Temperature 1646467827,50012 32,31
E4_Temperature 1646467828,25015 32,31
E4_Temperature 1646467829,2502 32,29
E4_Temperature 1646467830,00023 32,29
E4_Temperature 1646467830,25024 32,29
E4_Temperature 1646467830,75027 32,29
E4_Temperature 1646467829,50021 32,29
E4_Temperature 1646467831,00028 32,29
E4_Temperature 1646467829,75022 32,29
E4_Temperature 1646467830,50026 32,29
E4_Temperature 1646467831,25029 32,31
E4_Temperature 1646467833,00037 32,31
E4_Temperature 1646467832,50035 32,31
E4_Temperature 1646467832,00033 32,31
E4_Temperature 1646467831,75031 32,31
E4_Temperature 1646467832,25034 32,31
E4_Temperature 1646467831,5003 32,31
E4_Temperature 1646467832,75036 32,31
E4_Temperature 1646467833,25038 32,29
E4_Temperature 1646467834,75045 32,29
E4_Temperature 1646467834,00042 32,29
E4_Temperature 1646467835,00046 32,29
E4_Temperature 1646467833,75041 32,29
E4_Temperature 1646467834,25043 32,29
E4_Temperature 1646467834,50044 32,29
E4_Temperature 1646467833,5004 32,29
E4_Temperature 1646467835,25048 32,31
E4_Temperature 1646467835,7505 32,31
E4_Temperature 1646467837,00056 32,31
E4_Temperature 1646467836,50053 32,31
E4_Temperature 1646467836,75055 32,31
E4_Temperature 1646467836,00051 32,31
E4_Temperature 1646467835,50049 32,31
E4_Temperature 1646467836,25052 32,31
E4_Temperature 1646467837,25057 32,31
E4_Temperature 1646467837,75059 32,31
E4_Temperature 1646467837,50058 32,31
E4_Temperature 1646467838,50063 32,31
E4_Temperature 1646467838,0006 32,31
E4_Temperature 1646467838,75064 32,31
E4_Temperature 1646467838,25062 32,31
E4_Temperature 1646467839,00065 32,31
E4_Temperature 1646467839,25066 32,31
E4_Temperature 1646467839,75068 32,31
E4_Temperature 1646467840,0007 32,31
E4_Temperature 1646467840,50072 32,31
E4_Temperature 1646467841,00074 32,31
E4_Temperature 1646467840,25071 32,31
E4_Temperature 1646467839,50067 32,31
E4_Temperature 1646467840,75073 32,31
E4_Temperature 1646467841,25075 32,29
E4_Temperature 1646467841,50077 32,29
E4_Temperature 1646467842,2508 32,29
E4_Temperature 1646467842,00079 32,29
E4_Temperature 1646467841,75078 32,29
E4_Temperature 1646467842,50081 32,29
E4_Temperature 1646467843,00084 32,29
E4_Temperature 1646467842,75082 32,29
E4_Temperature 1646467843,25085 32,29
E4_Temperature 1646467843,50086 32,29
E4_Temperature 1646467844,5009 32,31
E4_Temperature 1646467844,25089 32,31
E4_Temperature 1646467843,75087 32,29
E4_Temperature 1646467844,75092 32,31
E4_Temperature 1646467845,00093 32,31
E4_Temperature 1646467844,00088 32,29
E4_Temperature 1646467845,25094 32,27
E4_Temperature 1646467845,50095 32,27
E4_Temperature 1646467847,00102 32,29
E4_Temperature 1646467846,00097 32,27
E4_Temperature 1646467846,25099 32,29
E4_Temperature 1646467846,501 32,29
E4_Temperature 1646467846,75101 32,29
E4_Temperature 1646467845,75096 32,27
E4_Temperature 1646467847,25103 32,31
E4_Temperature 1646467847,75106 32,31
E4_Temperature 1646467848,25108 32,29
E4_Temperature 1646467849,00111 32,29
E4_Temperature 1646467848,00107 32,31
E4_Temperature 1646467848,50109 32,29
E4_Temperature 1646467847,50104 32,31
E4_Temperature 1646467848,7511 32,29
E4_Temperature 1646467849,25112 32,27
E4_Temperature 1646467850,25117 32,27
E4_Temperature 1646467850,75119 32,27
E4_Temperature 1646467849,50114 32,27
E4_Temperature 1646467850,50118 32,27
E4_Temperature 1646467850,00116 32,27
E4_Temperature 1646467849,75115 32,27
E4_Temperature 1646467851,00121 32,27
E4_Temperature 1646467851,25122 32,29
E4_Temperature 1646467852,00125 32,29
E4_Temperature 1646467852,25126 32,29
E4_Temperature 1646467852,50128 32,29
E4_Temperature 1646467853,0013 32,29
E4_Temperature 1646467852,75129 32,29
E4_Temperature 1646467851,50123 32,29
E4_Temperature 1646467851,75124 32,29
E4_Temperature 1646467853,25131 32,27
E4_Temperature 1646467853,75133 32,27
E4_Temperature 1646467854,25136 32,27
E4_Temperature 1646467854,75138 32,27
E4_Temperature 1646467854,00134 32,27
E4_Temperature 1646467853,50132 32,27
E4_Temperature 1646467854,50137 32,27
E4_Temperature 1646467855,00139 32,27
E4_Temperature 1646467855,2514 32,29
E4_Temperature 1646467856,50146 32,27
E4_Temperature 1646467856,00144 32,29
E4_Temperature 1646467856,75147 32,27
E4_Temperature 1646467856,25145 32,27
E4_Temperature 1646467855,75143 32,29
E4_Temperature 1646467857,00148 32,27
E4_Temperature 1646467855,50141 32,29
E4_Temperature 1646467857,2515 32,27
E4_Temperature 1646467859,00158 32,29
E4_Temperature 1646467858,00153 32,27
E4_Temperature 1646467857,75152 32,27
E4_Temperature 1646467858,50155 32,29
E4_Temperature 1646467858,25154 32,29
E4_Temperature 1646467857,50151 32,27
E4_Temperature 1646467858,75156 32,29
E4_Temperature 1646467859,25159 32,27
E4_Temperature 1646467860,25163 32,29
E4_Temperature 1646467859,75161 32,27
E4_Temperature 1646467860,50165 32,29
E4_Temperature 1646467859,5016 32,27
E4_Temperature 1646467860,00162 32,27
E4_Temperature 1646467861,00167 32,29
E4_Temperature 1646467860,75166 32,29
E4_Temperature 1646467861,25168 32,25
E4_Temperature 1646467861,7517 32,25
E4_Temperature 1646467862,50174 32,25
E4_Temperature 1646467862,25173 32,25
E4_Temperature 1646467863,00176 32,25
E4_Temperature 1646467862,75175 32,25
E4_Temperature 1646467862,00171 32,25
E4_Temperature 1646467861,50169 32,25
E4_Temperature 1646467863,25177 32,27
E4_Temperature 1646467863,50178 32,27
E4_Temperature 1646467864,25182 32,27
E4_Temperature 1646467864,75184 32,27
E4_Temperature 1646467864,00181 32,27
E4_Temperature 1646467863,7518 32,27
E4_Temperature 1646467865,00185 32,27
E4_Temperature 1646467864,50183 32,27
E4_Temperature 1646467865,25187 32,25
E4_Temperature 1646467865,75189 32,25
E4_Temperature 1646467866,25191 32,27
E4_Temperature 1646467865,50188 32,25
E4_Temperature 1646467866,0019 32,25
E4_Temperature 1646467867,00195 32,27
E4_Temperature 1646467866,75193 32,27
E4_Temperature 1646467866,50192 32,27
E4_Temperature 1646467867,25196 32,27
E4_Temperature 1646467868,50202 32,25
E4_Temperature 1646467867,75198 32,27
E4_Temperature 1646467867,50197 32,27
E4_Temperature 1646467868,252 32,25
E4_Temperature 1646467868,75203 32,25
E4_Temperature 1646467868,00199 32,27
E4_Temperature 1646467869,00204 32,25
E4_Temperature 1646467869,25205 32,25
E4_Temperature 1646467869,75207 32,25
E4_Temperature 1646467870,00209 32,25
E4_Temperature 1646467870,75212 32,27
E4_Temperature 1646467870,2521 32,27
E4_Temperature 1646467869,50206 32,25
E4_Temperature 1646467871,00213 32,27
E4_Temperature 1646467870,50211 32,27
E4_Temperature 1646467871,25214 32,25
E4_Temperature 1646467872,00218 32,25
E4_Temperature 1646467872,5022 32,25
E4_Temperature 1646467871,75217 32,25
E4_Temperature 1646467872,75221 32,25
E4_Temperature 1646467873,00222 32,25
E4_Temperature 1646467871,50215 32,25
E4_Temperature 1646467872,25219 32,25
E4_Temperature 1646467873,25224 32,25
E4_Temperature 1646467873,75226 32,25
E4_Temperature 1646467873,50225 32,25
E4_Temperature 1646467874,50229 32,25
E4_Temperature 1646467875,00232 32,25
E4_Temperature 1646467874,25228 32,25
E4_Temperature 1646467874,75231 32,25
E4_Temperature 1646467874,00227 32,25
E4_Temperature 1646467875,25233 32,25
E4_Temperature 1646467877,00241 32,27
E4_Temperature 1646467876,7524 32,27
E4_Temperature 1646467876,25237 32,27
E4_Temperature 1646467876,00236 32,25
E4_Temperature 1646467876,50239 32,27
E4_Temperature 1646467875,75235 32,25
E4_Temperature 1646467875,50234 32,25
E4_Temperature 1646467877,25242 32,27
E4_Temperature 1646467878,25247 32,27
E4_Temperature 1646467879,0025 32,27
E4_Temperature 1646467878,00246 32,27
E4_Temperature 1646467877,75244 32,27
E4_Temperature 1646467878,50248 32,27
E4_Temperature 1646467878,75249 32,27
E4_Temperature 1646467877,50243 32,27
E4_Temperature 1646467879,25251 32,25
E4_Temperature 1646467880,00255 32,25
E4_Temperature 1646467879,75254 32,25
E4_Temperature 1646467880,25256 32,25
E4_Temperature 1646467880,50257 32,25
E4_Temperature 1646467881,00259 32,25
E4_Temperature 1646467879,50253 32,25
E4_Temperature 1646467880,75258 32,25
E4_Temperature 1646467881,25261 32,25
E4_Temperature 1646467882,75268 32,25
E4_Temperature 1646467883,00269 32,25
E4_Temperature 1646467882,00264 32,25
E4_Temperature 1646467882,25265 32,25
E4_Temperature 1646467882,50266 32,25
E4_Temperature 1646467881,75263 32,25
E4_Temperature 1646467881,50262 32,25
E4_Temperature 1646467883,2527 32,23
E4_Temperature 1646467883,75272 32,23
E4_Temperature 1646467885,00278 32,23
E4_Temperature 1646467884,00273 32,23
E4_Temperature 1646467883,50271 32,23
E4_Temperature 1646467884,75277 32,23
E4_Temperature 1646467884,25275 32,23
E4_Temperature 1646467884,50276 32,23
E4_Temperature 1646467885,25279 32,25
E4_Temperature 1646467885,5028 32,25
E4_Temperature 1646467885,75281 32,25
E4_Temperature 1646467886,00283 32,25
E4_Temperature 1646467886,25284 32,25
E4_Temperature 1646467887,00287 32,25
E4_Temperature 1646467886,75286 32,25
E4_Temperature 1646467886,50285 32,25
E4_Temperature 1646467887,25288 32,23
E4_Temperature 1646467887,75291 32,23
E4_Temperature 1646467887,5029 32,23
E4_Temperature 1646467889,00296 32,25
E4_Temperature 1646467888,50294 32,25
E4_Temperature 1646467888,75295 32,25
E4_Temperature 1646467888,00292 32,23
E4_Temperature 1646467888,25293 32,25
E4_Temperature 1646467889,25298 32,23
E4_Temperature 1646467889,753 32,23
E4_Temperature 1646467890,25302 32,23
E4_Temperature 1646467890,50303 32,23
E4_Temperature 1646467891,00306 32,23
E4_Temperature 1646467890,00301 32,23
E4_Temperature 1646467890,75305 32,23
E4_Temperature 1646467889,50299 32,23
E4_Temperature 1646467891,25307 32,25
E4_Temperature 1646467892,0031 32,25
E4_Temperature 1646467892,25312 32,23
E4_Temperature 1646467892,50313 32,23
E4_Temperature 1646467893,00315 32,23
E4_Temperature 1646467891,50308 32,25
E4_Temperature 1646467891,75309 32,25
E4_Temperature 1646467892,75314 32,23
E4_Temperature 1646467893,25316 32,25
E4_Temperature 1646467894,25321 32,23
E4_Temperature 1646467894,50322 32,23
E4_Temperature 1646467894,0032 32,25
E4_Temperature 1646467894,75323 32,23
E4_Temperature 1646467895,00324 32,23
E4_Temperature 1646467893,50317 32,25
E4_Temperature 1646467893,75319 32,25
E4_Temperature 1646467895,25325 32,23
E4_Temperature 1646467895,50327 32,23
E4_Temperature 1646467895,75328 32,23
E4_Temperature 1646467896,2533 32,23
E4_Temperature 1646467897,00334 32,23
E4_Temperature 1646467896,75332 32,23
E4_Temperature 1646467896,00329 32,23
E4_Temperature 1646467896,50331 32,23
E4_Temperature 1646467897,25335 32,23
E4_Temperature 1646467897,50336 32,23
E4_Temperature 1646467897,75337 32,23
E4_Temperature 1646467898,25339 32,23
E4_Temperature 1646467898,00338 32,23
E4_Temperature 1646467898,75342 32,23
E4_Temperature 1646467899,00343 32,23
E4_Temperature 1646467898,5034 32,23
E4_Temperature 1646467899,25344 32,21
E4_Temperature 1646467899,75346 32,21
E4_Temperature 1646467900,75351 32,21
E4_Temperature 1646467900,5035 32,21
E4_Temperature 1646467901,00352 32,21
E4_Temperature 1646467900,00347 32,21
E4_Temperature 1646467900,25349 32,21
E4_Temperature 1646467899,50345 32,21
E4_Temperature 1646467901,25353 32,23
E4_Temperature 1646467902,00357 32,23
E4_Temperature 1646467902,7536 32,23
E4_Temperature 1646467901,50354 32,23
E4_Temperature 1646467903,00361 32,23
E4_Temperature 1646467901,75356 32,23
E4_Temperature 1646467902,50359 32,23
E4_Temperature 1646467902,25358 32,23
E4_Temperature 1646467903,25362 32,21
E4_Temperature 1646467904,50368 32,21
E4_Temperature 1646467903,50364 32,21
E4_Temperature 1646467903,75365 32,21
E4_Temperature 1646467905,00371 32,21
E4_Temperature 1646467904,75369 32,21
E4_Temperature 1646467904,25367 32,21
E4_Temperature 1646467904,00366 32,21
E4_Temperature 1646467905,25372 32,23
E4_Temperature 1646467906,25376 32,23
E4_Temperature 1646467905,50373 32,23
E4_Temperature 1646467905,75374 32,23
E4_Temperature 1646467906,50378 32,23
E4_Temperature 1646467907,0038 32,23
E4_Temperature 1646467906,00375 32,23
E4_Temperature 1646467906,75379 32,23
E4_Temperature 1646467907,25381 32,23
E4_Temperature 1646467907,75383 32,23
E4_Temperature 1646467909,00389 32,21
E4_Temperature 1646467908,00384 32,23
E4_Temperature 1646467907,50382 32,23
E4_Temperature 1646467908,50387 32,21
E4_Temperature 1646467908,75388 32,21
E4_Temperature 1646467908,25386 32,21
E4_Temperature 1646467909,2539 32,23
E4_Temperature 1646467909,50391 32,23
E4_Temperature 1646467910,75397 32,19
E4_Temperature 1646467911,00398 32,19
E4_Temperature 1646467910,25395 32,19
E4_Temperature 1646467910,50396 32,19
E4_Temperature 1646467910,00394 32,23
E4_Temperature 1646467909,75393 32,23
E4_Temperature 1646467911,254 32,19
E4_Temperature 1646467912,00403 32,19
E4_Temperature 1646467912,50405 32,23
E4_Temperature 1646467912,75406 32,23
E4_Temperature 1646467911,75402 32,19
E4_Temperature 1646467911,50401 32,19
E4_Temperature 1646467912,25404 32,23
E4_Temperature 1646467913,00408 32,23
E4_Temperature 1646467913,25409 32,21
E4_Temperature 1646467913,75411 32,21
E4_Temperature 1646467914,75416 32,23
E4_Temperature 1646467914,25413 32,23
E4_Temperature 1646467914,50415 32,23
E4_Temperature 1646467913,5041 32,21
E4_Temperature 1646467914,00412 32,21
E4_Temperature 1646467915,00417 32,23
E4_Temperature 1646467915,25418 32,21
E4_Temperature 1646467915,7542 32,21
E4_Temperature 1646467916,50424 32,21
E4_Temperature 1646467916,00422 32,21
E4_Temperature 1646467917,00426 32,21
E4_Temperature 1646467916,25423 32,21
E4_Temperature 1646467916,75425 32,21
E4_Temperature 1646467915,50419 32,21
E4_Temperature 1646467917,25427 32,19
E4_Temperature 1646467917,50428 32,19
E4_Temperature 1646467918,00431 32,19
E4_Temperature 1646467917,7543 32,19
E4_Temperature 1646467918,75434 32,21
E4_Temperature 1646467918,50433 32,21
E4_Temperature 1646467918,25432 32,21
E4_Temperature 1646467919,00435 32,21
E4_Temperature 1646467919,25437 32,19
E4_Temperature 1646467921,00445 32,19
E4_Temperature 1646467919,75439 32,19
E4_Temperature 1646467920,0044 32,19
E4_Temperature 1646467920,75444 32,19
E4_Temperature 1646467920,50442 32,19
E4_Temperature 1646467919,50438 32,19
E4_Temperature 1646467920,25441 32,19
E4_Temperature 1646467921,25446 32,21
E4_Temperature 1646467921,50447 32,21
E4_Temperature 1646467921,75448 32,21
E4_Temperature 1646467922,2545 32,19
E4_Temperature 1646467922,50452 32,19
E4_Temperature 1646467922,00449 32,21
E4_Temperature 1646467922,75453 32,19
E4_Temperature 1646467923,00454 32,19
E4_Temperature 1646467923,25455 32,19
E4_Temperature 1646467923,75457 32,19
E4_Temperature 1646467924,00459 32,19
E4_Temperature 1646467924,75462 32,19
E4_Temperature 1646467924,2546 32,19
E4_Temperature 1646467924,50461 32,19
E4_Temperature 1646467923,50456 32,19
E4_Temperature 1646467925,00463 32,19
E4_Temperature 1646467925,25464 32,21
E4_Temperature 1646467925,75467 32,21
E4_Temperature 1646467926,00468 32,21
E4_Temperature 1646467926,75471 32,17
E4_Temperature 1646467925,50465 32,21
E4_Temperature 1646467926,5047 32,17
E4_Temperature 1646467926,25469 32,17
E4_Temperature 1646467927,00472 32,17
E4_Temperature 1646467927,25474 32,19
E4_Temperature 1646467927,75476 32,19
E4_Temperature 1646467927,50475 32,19
E4_Temperature 1646467928,25478 32,17
E4_Temperature 1646467928,75481 32,17
E4_Temperature 1646467928,50479 32,17
E4_Temperature 1646467929,00482 32,17
E4_Temperature 1646467928,00477 32,19
E4_Temperature 1646467929,25483 32,17
E4_Temperature 1646467930,50489 32,17
E4_Temperature 1646467930,7549 32,17
E4_Temperature 1646467930,25487 32,17
E4_Temperature 1646467929,75485 32,17
E4_Temperature 1646467931,00491 32,17
E4_Temperature 1646467930,00486 32,17
E4_Temperature 1646467929,50484 32,17
E4_Temperature 1646467931,25492 32,19
E4_Temperature 1646467931,50493 32,19
E4_Temperature 1646467932,75499 32,15
E4_Temperature 1646467931,75494 32,19
E4_Temperature 1646467932,50498 32,15
E4_Temperature 1646467932,25497 32,15
E4_Temperature 1646467932,00496 32,19
E4_Temperature 1646467933,005 32,15
E4_Temperature 1646467933,25501 32,17
E4_Temperature 1646467933,75504 32,17
E4_Temperature 1646467934,75508 32,15
E4_Temperature 1646467934,00505 32,17
E4_Temperature 1646467934,25506 32,15
E4_Temperature 1646467933,50503 32,17
E4_Temperature 1646467934,50507 32,15
E4_Temperature 1646467935,00509 32,15
E4_Temperature 1646467935,25511 32,17
E4_Temperature 1646467935,75513 32,17
E4_Temperature 1646467935,50512 32,17
E4_Temperature 1646467936,00514 32,17
E4_Temperature 1646467936,75518 32,17
E4_Temperature 1646467936,50516 32,17
E4_Temperature 1646467937,00519 32,17
E4_Temperature 1646467936,25515 32,17
E4_Temperature 1646467937,2552 32,17
E4_Temperature 1646467938,00523 32,17
E4_Temperature 1646467938,25525 32,17
E4_Temperature 1646467938,75527 32,17
E4_Temperature 1646467938,50526 32,17
E4_Temperature 1646467939,00528 32,17
E4_Temperature 1646467937,50521 32,17
E4_Temperature 1646467937,75522 32,17
E4_Temperature 1646467939,25529 32,17
E4_Temperature 1646467939,5053 32,17
E4_Temperature 1646467940,75536 32,17
E4_Temperature 1646467940,50535 32,17
E4_Temperature 1646467940,25534 32,17
E4_Temperature 1646467939,75531 32,17
E4_Temperature 1646467940,00533 32,17
E4_Temperature 1646467941,00537 32,17
E4_Temperature 1646467941,25538 32,17
E4_Temperature 1646467942,75545 32,15
E4_Temperature 1646467942,25543 32,15
E4_Temperature 1646467942,00542 32,17
E4_Temperature 1646467943,00547 32,15
E4_Temperature 1646467941,75541 32,17
E4_Temperature 1646467942,50544 32,15
E4_Temperature 1646467941,5054 32,17
E4_Temperature 1646467943,25548 32,17
E4_Temperature 1646467943,50549 32,17
E4_Temperature 1646467944,25552 32,17
E4_Temperature 1646467945,00556 32,17
E4_Temperature 1646467944,50553 32,17
E4_Temperature 1646467944,00551 32,17
E4_Temperature 1646467943,7555 32,17
E4_Temperature 1646467944,75555 32,17
E4_Temperature 1646467945,25557 32,15
E4_Temperature 1646467945,50558 32,15
E4_Temperature 1646467946,0056 32,15
E4_Temperature 1646467946,50563 32,17
E4_Temperature 1646467945,75559 32,15
E4_Temperature 1646467946,25562 32,17
E4_Temperature 1646467947,00565 32,17
E4_Temperature 1646467946,75564 32,17
E4_Temperature 1646467947,25566 32,15
E4_Temperature 1646467947,75569 32,15
E4_Temperature 1646467948,50572 32,15
E4_Temperature 1646467948,75573 32,15
E4_Temperature 1646467948,25571 32,15
E4_Temperature 1646467949,00574 32,15
E4_Temperature 1646467948,0057 32,15
E4_Temperature 1646467947,50567 32,15
E4_Temperature 1646467949,25575 32,17
E4_Temperature 1646467949,75578 32,17
E4_Temperature 1646467950,2558 32,15
E4_Temperature 1646467950,00579 32,17
E4_Temperature 1646467951,00584 32,15
E4_Temperature 1646467950,75582 32,15
E4_Temperature 1646467950,50581 32,15
E4_Temperature 1646467949,50577 32,17
E4_Temperature 1646467951,25585 32,17
E4_Temperature 1646467951,50586 32,17
E4_Temperature 1646467952,5059 32,15
E4_Temperature 1646467952,25589 32,15
E4_Temperature 1646467952,75592 32,15
E4_Temperature 1646467951,75587 32,17
E4_Temperature 1646467953,00593 32,15
E4_Temperature 1646467952,00588 32,17
E4_Temperature 1646467953,25594 32,13
E4_Temperature 1646467953,75596 32,13
E4_Temperature 1646467954,75601 32,13
E4_Temperature 1646467953,50595 32,13
E4_Temperature 1646467955,00602 32,13
E4_Temperature 1646467954,506 32,13
E4_Temperature 1646467954,25599 32,13
E4_Temperature 1646467954,00597 32,13
E4_Temperature 1646467955,25603 32,15
E4_Temperature 1646467955,75606 32,15
E4_Temperature 1646467956,7561 32,15
E4_Temperature 1646467956,25608 32,15
E4_Temperature 1646467956,00607 32,15
E4_Temperature 1646467955,50604 32,15
E4_Temperature 1646467956,50609 32,15
E4_Temperature 1646467957,00611 32,15
E4_Temperature 1646467957,25612 32,15
E4_Temperature 1646467957,75615 32,15
E4_Temperature 1646467958,25617 32,13
E4_Temperature 1646467958,75619 32,13
E4_Temperature 1646467958,50618 32,13
E4_Temperature 1646467958,00616 32,15
E4_Temperature 1646467959,00621 32,13
E4_Temperature 1646467957,50614 32,15
E4_Temperature 1646467959,25622 32,15
E4_Temperature 1646467959,50623 32,15
E4_Temperature 1646467959,75624 32,15
E4_Temperature 1646467960,75629 32,17
E4_Temperature 1646467960,25626 32,17
E4_Temperature 1646467960,00625 32,15
E4_Temperature 1646467961,0063 32,17
E4_Temperature 1646467960,50628 32,17
E4_Temperature 1646467961,25631 32,11
E4_Temperature 1646467961,50632 32,11
E4_Temperature 1646467962,50637 32,13
E4_Temperature 1646467962,25636 32,13
E4_Temperature 1646467962,00634 32,11
E4_Temperature 1646467961,75633 32,11
E4_Temperature 1646467962,75638 32,13
E4_Temperature 1646467963,00639 32,13
E4_Temperature 1646467963,2564 32,13
E4_Temperature 1646467963,50641 32,13
E4_Temperature 1646467964,25645 32,13
E4_Temperature 1646467965,00648 32,13
E4_Temperature 1646467963,75643 32,13
E4_Temperature 1646467964,50646 32,13
E4_Temperature 1646467964,00644 32,13
E4_Temperature 1646467964,75647 32,13
E4_Temperature 1646467965,2565 32,11
E4_Temperature 1646467965,75652 32,11
E4_Temperature 1646467966,75656 32,13
E4_Temperature 1646467965,50651 32,11
E4_Temperature 1646467966,50655 32,13
E4_Temperature 1646467967,00658 32,13
E4_Temperature 1646467966,00653 32,11
E4_Temperature 1646467966,25654 32,13
E4_Temperature 1646467967,25659 32,15
E4_Temperature 1646467967,5066 32,15
E4_Temperature 1646467968,00662 32,15
E4_Temperature 1646467968,50665 32,13
E4_Temperature 1646467969,00667 32,13
E4_Temperature 1646467968,75666 32,13
E4_Temperature 1646467967,75661 32,15
E4_Temperature 1646467968,25663 32,13
E4_Temperature 1646467969,25668 32,13
E4_Temperature 1646467970,00672 32,13
E4_Temperature 1646467969,7567 32,13
E4_Temperature 1646467970,75675 32,11
E4_Temperature 1646467971,00676 32,11
E4_Temperature 1646467969,50669 32,13
E4_Temperature 1646467970,50674 32,11
E4_Temperature 1646467970,25673 32,11
E4_Temperature 1646467971,25677 32,11
E4_Temperature 1646467971,7568 32,11
E4_Temperature 1646467972,75684 32,11
E4_Temperature 1646467973,00685 32,11
E4_Temperature 1646467972,25682 32,11
E4_Temperature 1646467971,50678 32,11
E4_Temperature 1646467972,00681 32,11
E4_Temperature 1646467972,50683 32,11
E4_Temperature 1646467973,25687 32,11
E4_Temperature 1646467973,50688 32,11
E4_Temperature 1646467974,50692 32,13
E4_Temperature 1646467974,0069 32,11
E4_Temperature 1646467973,75689 32,11
E4_Temperature 1646467975,00695 32,13
E4_Temperature 1646467974,25691 32,13
E4_Temperature 1646467974,75694 32,13
E4_Temperature 1646467975,25696 32,11
E4_Temperature 1646467976,00699 32,11
E4_Temperature 1646467976,257 32,13
E4_Temperature 1646467977,00704 32,13
E4_Temperature 1646467975,50697 32,11
E4_Temperature 1646467976,50702 32,13
E4_Temperature 1646467976,75703 32,13
E4_Temperature 1646467975,75698 32,11
E4_Temperature 1646467977,25705 32,09
E4_Temperature 1646467977,50706 32,09
E4_Temperature 1646467978,75712 32,13
E4_Temperature 1646467979,00713 32,13
E4_Temperature 1646467978,50711 32,13
E4_Temperature 1646467978,00709 32,09
E4_Temperature 1646467978,2571 32,13
E4_Temperature 1646467977,75707 32,09
E4_Temperature 1646467979,25714 32,11
E4_Temperature 1646467979,50716 32,11
E4_Temperature 1646467980,5072 32,09
E4_Temperature 1646467981,00722 32,09
E4_Temperature 1646467979,75717 32,11
E4_Temperature 1646467980,75721 32,09
E4_Temperature 1646467980,25719 32,09
E4_Temperature 1646467980,00718 32,11
E4_Temperature 1646467981,25724 32,09
E4_Temperature 1646467981,50725 32,09
E4_Temperature 1646467982,75731 32,11
E4_Temperature 1646467983,00732 32,11
E4_Temperature 1646467982,25728 32,11
E4_Temperature 1646467982,50729 32,11
E4_Temperature 1646467981,75726 32,09
E4_Temperature 1646467982,00727 32,09
E4_Temperature 1646467983,25733 32,11
E4_Temperature 1646467983,75735 32,11
E4_Temperature 1646467984,50739 32,11
E4_Temperature 1646467984,00736 32,11
E4_Temperature 1646467985,00741 32,11
E4_Temperature 1646467984,25738 32,11
E4_Temperature 1646467984,7574 32,11
E4_Temperature 1646467983,50734 32,11
E4_Temperature 1646467985,25742 32,13
E4_Temperature 1646467985,75744 32,13
E4_Temperature 1646467986,50748 32,11
E4_Temperature 1646467985,50743 32,13
E4_Temperature 1646467987,0075 32,11
E4_Temperature 1646467986,75749 32,11
E4_Temperature 1646467986,00746 32,13
E4_Temperature 1646467986,25747 32,11
E4_Temperature 1646467987,25751 32,09
E4_Temperature 1646467988,00755 32,09
E4_Temperature 1646467987,50753 32,09
E4_Temperature 1646467988,25756 32,11
E4_Temperature 1646467987,75754 32,09
E4_Temperature 1646467988,75758 32,11
E4_Temperature 1646467988,50757 32,11
E4_Temperature 1646467989,00759 32,11
E4_Temperature 1646467989,25761 32,07
E4_Temperature 1646467989,50762 32,07
E4_Temperature 1646467989,75763 32,07
E4_Temperature 1646467990,50766 32,09
E4_Temperature 1646467991,00769 32,09
E4_Temperature 1646467990,00764 32,07
E4_Temperature 1646467990,75768 32,09
E4_Temperature 1646467990,25765 32,09
E4_Temperature 1646467991,2577 32,09
E4_Temperature 1646467993,00778 32,09
E4_Temperature 1646467991,75772 32,09
E4_Temperature 1646467992,25775 32,09
E4_Temperature 1646467992,00773 32,09
E4_Temperature 1646467992,50776 32,09
E4_Temperature 1646467991,50771 32,09
E4_Temperature 1646467992,75777 32,09
E4_Temperature 1646467993,25779 32,09
E4_Temperature 1646467993,5078 32,09
E4_Temperature 1646467993,75781 32,09
E4_Temperature 1646467994,25784 32,07
E4_Temperature 1646467994,75786 32,07
E4_Temperature 1646467994,00783 32,09
E4_Temperature 1646467994,50785 32,07
E4_Temperature 1646467995,00787 32,07
E4_Temperature 1646467995,25788 32,07
E4_Temperature 1646467995,5079 32,07
E4_Temperature 1646467996,75795 32,07
E4_Temperature 1646467997,00797 32,07
E4_Temperature 1646467995,75791 32,07
E4_Temperature 1646467996,50794 32,07
E4_Temperature 1646467996,00792 32,07
E4_Temperature 1646467996,25793 32,07
E4_Temperature 1646467997,25798 32,09
E4_Temperature 1646467997,758 32,09
E4_Temperature 1646467998,50803 32,07
E4_Temperature 1646467998,00801 32,09
E4_Temperature 1646467998,25802 32,07
E4_Temperature 1646467997,50799 32,09
E4_Temperature 1646467999,00806 32,07
E4_Temperature 1646467998,75805 32,07
E4_Temperature 1646467999,25807 32,09
E4_Temperature 1646467999,75809 32,09
E4_Temperature 1646468000,75814 32,07
E4_Temperature 1646467999,50808 32,09
E4_Temperature 1646468000,0081 32,09
E4_Temperature 1646468000,25812 32,07
E4_Temperature 1646468000,50813 32,07
E4_Temperature 1646468001,00815 32,07
E4_Temperature 1646468001,25816 32,07
E4_Temperature 1646468001,50817 32,07
E4_Temperature 1646468002,0082 32,07
E4_Temperature 1646468002,50822 32,05
E4_Temperature 1646468002,25821 32,05
E4_Temperature 1646468002,75823 32,05
E4_Temperature 1646468003,00824 32,05
E4_Temperature 1646468001,75819 32,07
E4_Temperature 1646468003,25825 32,07
E4_Temperature 1646468003,75828 32,07
E4_Temperature 1646468003,50827 32,07
E4_Temperature 1646468004,00829 32,07
E4_Temperature 1646468004,2583 32,07
E4_Temperature 1646468004,50831 32,07
E4_Temperature 1646468004,75832 32,07
E4_Temperature 1646468005,00834 32,07
E4_Temperature 1646468005,25835 32,07
E4_Temperature 1646468006,75842 32,05
E4_Temperature 1646468007,00843 32,05
E4_Temperature 1646468005,50836 32,07
E4_Temperature 1646468005,75837 32,07
E4_Temperature 1646468006,00838 32,07
E4_Temperature 1646468006,25839 32,05
E4_Temperature 1646468006,50841 32,05
E4_Temperature 1646468007,25844 32,07
E4_Temperature 1646468007,75846 32,07
E4_Temperature 1646468007,50845 32,07
E4_Temperature 1646468008,25849 32,07
E4_Temperature 1646468008,5085 32,07
E4_Temperature 1646468008,75851 32,07
E4_Temperature 1646468008,00847 32,07
E4_Temperature 1646468009,00852 32,07
E4_Temperature 1646468009,25853 32,05
E4_Temperature 1646468009,75856 32,05
E4_Temperature 1646468009,50854 32,05
E4_Temperature 1646468010,25858 32,03
E4_Temperature 1646468010,7586 32,03
E4_Temperature 1646468011,00861 32,03
E4_Temperature 1646468010,00857 32,05
E4_Temperature 1646468010,50859 32,03
E4_Temperature 1646468011,25863 32,05
E4_Temperature 1646468012,75869 32,07
E4_Temperature 1646468013,00871 32,07
E4_Temperature 1646468011,50864 32,05
E4_Temperature 1646468012,00866 32,05
E4_Temperature 1646468012,25867 32,07
E4_Temperature 1646468012,50868 32,07
E4_Temperature 1646468011,75865 32,05
E4_Temperature 1646468013,25872 32,05
E4_Temperature 1646468015,0088 32,07
E4_Temperature 1646468014,75879 32,07
E4_Temperature 1646468014,25876 32,07
E4_Temperature 1646468013,50873 32,05
E4_Temperature 1646468013,75874 32,05
E4_Temperature 1646468014,50878 32,07
E4_Temperature 1646468014,00875 32,05
E4_Battery 1646467775,57878 0,28
E4_Battery 1646467935,58619 0,28
E4_Battery 1646467955,58711 0,28
E4_Battery 1646467975,58804 0,28
E4_Battery 1646467995,58897 0,28
E4_Battery 1646468015,58989 0,28
E4_Battery 1646468035,59082 0,28
E4_Battery 1646467855,58248 0,28
E4_Battery 1646467795,57971 0,29
E4_Battery 1646467875,58341 0,28
E4_Battery 1646467835,58156 0,29
E4_Battery 1646467915,58526 0,28
E4_Battery 1646467815,58063 0,28
E4_Battery 1646467895,58434 0,28
E4_Temperature 1646468015,25881 32,05
E4_Temperature 1646468015,75883 32,05
E4_Temperature 1646468016,25886 32,05
E4_Temperature 1646468016,50887 32,05
E4_Temperature 1646468015,50882 32,05
E4_Temperature 1646468017,00889 32,05
E4_Temperature 1646468016,75888 32,05
E4_Temperature 1646468016,00885 32,05
E4_Temperature 1646468017,2589 32,05
E4_Temperature 1646468017,50891 32,05
E4_Temperature 1646468017,75893 32,05
E4_Temperature 1646468018,50896 32,05
E4_Temperature 1646468018,75897 32,05
E4_Temperature 1646468018,25895 32,05
E4_Temperature 1646468018,00894 32,05
E4_Temperature 1646468019,00898 32,05
E4_Temperature 1646468019,50901 32,05
E4_Temperature 1646468021,00908 32,05
E4_Temperature 1646468020,25904 32,05
E4_Temperature 1646468020,50905 32,05
E4_Temperature 1646468020,00903 32,05
E4_Temperature 1646468019,75902 32,05
E4_Temperature 1646468019,259 32,05
E4_Temperature 1646468020,75906 32,05
E4_Temperature 1646468021,25909 32,03
E4_Temperature 1646468021,5091 32,03
E4_Temperature 1646468022,75916 32,03
E4_Temperature 1646468023,00917 32,03
E4_Temperature 1646468022,25913 32,03
E4_Temperature 1646468022,50915 32,03
E4_Temperature 1646468022,00912 32,03
E4_Temperature 1646468021,75911 32,03
E4_Temperature 1646468023,25918 32,05
E4_Temperature 1646468023,50919 32,05
E4_Temperature 1646468024,75925 32,05
E4_Temperature 1646468024,00922 32,05
E4_Temperature 1646468024,50924 32,05
E4_Temperature 1646468025,00926 32,05
E4_Temperature 1646468023,7592 32,05
E4_Temperature 1646468024,25923 32,05
E4_Temperature 1646468025,25927 32,05
E4_Temperature 1646468025,7593 32,05
E4_Temperature 1646468027,00935 32,05
E4_Temperature 1646468025,50928 32,05
E4_Temperature 1646468026,50933 32,05
E4_Temperature 1646468026,75934 32,05
E4_Temperature 1646468026,00931 32,05
E4_Temperature 1646468026,25932 32,05
E4_Temperature 1646468027,25937 32,03
E4_Temperature 1646468027,50938 32,03
E4_Temperature 1646468028,75944 32,03
E4_Temperature 1646468028,25941 32,03
E4_Temperature 1646468029,00945 32,03
E4_Temperature 1646468028,0094 32,03
E4_Temperature 1646468028,50942 32,03
E4_Temperature 1646468027,75939 32,03
E4_Temperature 1646468029,25946 32,03
E4_Temperature 1646468029,75948 32,03
E4_Temperature 1646468030,75953 32,05
E4_Temperature 1646468030,50952 32,05
E4_Temperature 1646468031,00954 32,05
E4_Temperature 1646468029,50947 32,03
E4_Temperature 1646468030,00949 32,03
E4_Temperature 1646468030,2595 32,05
E4_Temperature 1646468031,25955 32,03
E4_Temperature 1646468031,75957 32,03
E4_Temperature 1646468032,00959 32,03
E4_Temperature 1646468032,2596 32,03
E4_Temperature 1646468033,00963 32,03
E4_Temperature 1646468031,50956 32,03
E4_Temperature 1646468032,75962 32,03
E4_Temperature 1646468032,50961 32,03
E4_Temperature 1646468033,25964 32,05
E4_Temperature 1646468033,75967 32,05
E4_Temperature 1646468035,00972 32,03
E4_Temperature 1646468034,25969 32,03
E4_Temperature 1646468033,50966 32,05
E4_Temperature 1646468034,75971 32,03
E4_Temperature 1646468034,00968 32,05
E4_Temperature 1646468034,5097 32,03
E4_Temperature 1646468035,25974 32,03
E4_Temperature 1646468035,50975 32,03
E4_Temperature 1646468035,75976 32,03
E4_Temperature 1646468036,75981 32,03
E4_Temperature 1646468036,00977 32,03
E4_Temperature 1646468037,00982 32,03
E4_Temperature 1646468036,50979 32,03
E4_Temperature 1646468036,25978 32,03
E4_Temperature 1646468037,25983 32,03
E4_Temperature 1646468037,50984 32,03
E4_Temperature 1646468039,00991 32,03
E4_Temperature 1646468037,75985 32,03
E4_Temperature 1646468038,50989 32,03
E4_Temperature 1646468038,00986 32,03
E4_Temperature 1646468038,7599 32,03
E4_Temperature 1646468038,25988 32,03
E4_Temperature 1646468039,25992 32,03
E4_Temperature 1646468039,75994 32,03
E4_Temperature 1646468040,50998 32,03
E4_Temperature 1646468040,75999 32,03
E4_Temperature 1646468039,50993 32,03
E4_Temperature 1646468040,00996 32,03
E4_Temperature 1646468040,25997 32,03
E4_Temperature 1646468041,01 32,03
E4_Temperature 1646468041,26001 32,03
E4_Temperature 1646468042,51007 32,01
E4_Temperature 1646468043,0101 32,01
E4_Temperature 1646468041,76004 32,03
E4_Temperature 1646468042,01005 32,03
E4_Temperature 1646468042,26006 32,01
E4_Temperature 1646468042,76008 32,01
E4_Temperature 1646468041,51003 32,03
E4_Temperature 1646468043,26011 32,01
E4_Temperature 1646468044,51016 32,01
E4_Temperature 1646468043,76013 32,01
E4_Temperature 1646468044,26015 32,01
E4_Temperature 1646468044,76018 32,01
E4_Temperature 1646468043,51012 32,01
E4_Temperature 1646468044,01014 32,01
E4_Temperature 1646468045,01019 32,01
E4_Temperature 1646468045,2602 32,03
E4_Temperature 1646468046,76027 32,03
E4_Temperature 1646468046,01023 32,03
E4_Temperature 1646468046,26025 32,03
E4_Temperature 1646468046,51026 32,03
E4_Temperature 1646468045,76022 32,03
E4_Temperature 1646468045,51021 32,03
E4_Temperature 1646468047,01028 32,03
E4_Temperature 1646468047,26029 32,03
E4_Temperature 1646468047,5103 32,03
E4_Temperature 1646468048,76036 32,01
E4_Temperature 1646468048,26034 32,01
E4_Temperature 1646468048,51035 32,01
E4_Temperature 1646468047,76031 32,03
E4_Temperature 1646468048,01033 32,03
E4_Temperature 1646468049,01037 32,01
E4_Temperature 1646468049,26038 32,01
E4_Temperature 1646468050,51044 32,01
E4_Temperature 1646468050,76045 32,01
E4_Temperature 1646468051,01047 32,01
E4_Temperature 1646468049,76041 32,01
E4_Temperature 1646468049,5104 32,01
E4_Temperature 1646468050,26043 32,01
E4_Temperature 1646468050,01042 32,01
E4_Temperature 1646468051,26048 32,03
E4_Temperature 1646468051,7605 32,03
E4_Temperature 1646468051,51049 32,03
E4_Temperature 1646468052,76055 32,01
E4_Temperature 1646468052,51054 32,01
E4_Temperature 1646468052,26052 32,01
E4_Temperature 1646468053,01056 32,01
E4_Temperature 1646468052,01051 32,03
E4_Temperature 1646468053,26057 32,01
E4_Temperature 1646468053,51058 32,01
E4_Temperature 1646468054,51063 31,99
E4_Temperature 1646468054,26062 31,99
E4_Temperature 1646468055,01065 31,99
E4_Temperature 1646468053,76059 32,01
E4_Temperature 1646468054,0106 32,01
E4_Temperature 1646468054,76064 31,99
E4_Temperature 1646468055,26066 32,01
E4_Temperature 1646468056,0107 32,01
E4_Temperature 1646468056,26071 32,01
E4_Temperature 1646468055,51067 32,01
E4_Temperature 1646468057,01074 32,01
E4_Temperature 1646468056,51072 32,01
E4_Temperature 1646468056,76073 32,01
E4_Temperature 1646468055,76069 32,01
E4_Temperature 1646468057,26075 31,99
E4_Temperature 1646468057,76078 31,99
E4_Temperature 1646468058,51081 31,99
E4_Temperature 1646468058,01079 31,99
E4_Temperature 1646468058,2608 31,99
E4_Temperature 1646468059,01084 31,99
E4_Temperature 1646468057,51077 31,99
E4_Temperature 1646468058,76082 31,99
E4_Temperature 1646468059,26085 32,01
E4_Temperature 1646468059,51086 32,01
E4_Temperature 1646468061,01093 32,01
E4_Temperature 1646468060,76092 32,01
E4_Temperature 1646468060,26089 32,01
E4_Temperature 1646468060,01088 32,01
E4_Temperature 1646468059,76087 32,01
E4_Temperature 1646468060,51091 32,01
E4_Temperature 1646468061,26094 31,99
E4_Temperature 1646468061,76096 31,99
E4_Temperature 1646468062,76101 32,01
E4_Temperature 1646468063,01102 32,01
E4_Temperature 1646468062,511 32,01
E4_Temperature 1646468062,26099 32,01
E4_Temperature 1646468062,01097 31,99
E4_Temperature 1646468061,51095 31,99
E4_Temperature 1646468063,26103 32,01
E4_Temperature 1646468063,76106 32,01
E4_Temperature 1646468063,51104 32,01
E4_Temperature 1646468064,26108 31,99
E4_Temperature 1646468065,01111 31,99
E4_Temperature 1646468064,51109 31,99
E4_Temperature 1646468064,7611 31,99
E4_Temperature 1646468064,01107 32,01
E4_Temperature 1646468065,26113 32,01
E4_Temperature 1646468066,26117 31,99
E4_Temperature 1646468066,51118 31,99
E4_Temperature 1646468066,76119 31,99
E4_Temperature 1646468065,51114 32,01
E4_Temperature 1646468066,01116 32,01
E4_Temperature 1646468065,76115 32,01
E4_Temperature 1646468067,01121 31,99
E4_Temperature 1646468067,26122 31,99
E4_Temperature 1646468067,51123 31,99
E4_Temperature 1646468068,51128 31,99
E4_Temperature 1646468067,76124 31,99
E4_Temperature 1646468068,26126 31,99
E4_Temperature 1646468069,0113 31,99
E4_Temperature 1646468068,76129 31,99
E4_Temperature 1646468068,01125 31,99
E4_Temperature 1646468069,26131 32,01
E4_Temperature 1646468070,26136 31,99
E4_Temperature 1646468069,51132 32,01
E4_Temperature 1646468069,76133 32,01
E4_Temperature 1646468071,01139 31,99
E4_Temperature 1646468070,76138 31,99
E4_Temperature 1646468070,01135 32,01
E4_Temperature 1646468070,51137 31,99
E4_Temperature 1646468071,2614 31,99
E4_Temperature 1646468071,51141 31,99
E4_Temperature 1646468072,01144 31,99
E4_Temperature 1646468072,76147 31,97
E4_Temperature 1646468071,76143 31,99
E4_Temperature 1646468073,01148 31,97
E4_Temperature 1646468072,51146 31,97
E4_Temperature 1646468072,26145 31,97
E4_Temperature 1646468073,2615 31,99
E4_Temperature 1646468073,51151 31,99
E4_Temperature 1646468074,76156 31,97
E4_Temperature 1646468074,01153 31,99
E4_Temperature 1646468073,76152 31,99
E4_Temperature 1646468074,26154 31,97
E4_Temperature 1646468075,01158 31,97
E4_Temperature 1646468074,51155 31,97
E4_Temperature 1646468075,26159 31,97
E4_Temperature 1646468075,76161 31,97
E4_Temperature 1646468077,01167 31,99
E4_Temperature 1646468076,26163 31,99
E4_Temperature 1646468075,5116 31,97
E4_Temperature 1646468076,01162 31,97
E4_Temperature 1646468076,76166 31,99
E4_Temperature 1646468076,51165 31,99
E4_Temperature 1646468077,26168 31,97
E4_Temperature 1646468077,7617 31,97
E4_Temperature 1646468078,76175 31,97
E4_Temperature 1646468079,01176 31,97
E4_Temperature 1646468078,26173 31,97
E4_Temperature 1646468077,51169 31,97
E4_Temperature 1646468078,51174 31,97
E4_Temperature 1646468078,01172 31,97
E4_Temperature 1646468079,26177 31,95
E4_Temperature 1646468079,51179 31,95
E4_Temperature 1646468080,51183 31,97
E4_Temperature 1646468080,26182 31,97
E4_Temperature 1646468079,7618 31,95
E4_Temperature 1646468080,76184 31,97
E4_Temperature 1646468080,01181 31,95
E4_Temperature 1646468081,01185 31,97
E4_Temperature 1646468081,26187 31,99
E4_Temperature 1646468081,76189 31,99
E4_Temperature 1646468081,51188 31,99
E4_Temperature 1646468083,01195 31,97
E4_Temperature 1646468082,51192 31,97
E4_Temperature 1646468082,0119 31,99
E4_Temperature 1646468082,76194 31,97
E4_Temperature 1646468082,26191 31,97
E4_Temperature 1646468083,26196 31,97
E4_Temperature 1646468083,51197 31,97
E4_Temperature 1646468084,01199 31,97
E4_Temperature 1646468083,76198 31,97
E4_Temperature 1646468084,262 31,95
E4_Temperature 1646468085,01204 31,95
E4_Temperature 1646468084,76203 31,95
E4_Temperature 1646468084,51202 31,95
E4_Temperature 1646468085,26205 31,97
E4_Temperature 1646468085,51206 31,97
E4_Temperature 1646468085,76207 31,97
E4_Temperature 1646468086,51211 31,95
E4_Temperature 1646468086,01209 31,97
E4_Temperature 1646468087,01213 31,95
E4_Temperature 1646468086,76212 31,95
E4_Temperature 1646468086,2621 31,95
E4_Temperature 1646468087,26214 31,95
E4_Temperature 1646468087,51216 31,95
E4_Temperature 1646468087,76217 31,95
E4_Temperature 1646468088,01218 31,95
E4_Temperature 1646468089,01222 31,95
E4_Temperature 1646468088,26219 31,95
E4_Temperature 1646468088,5122 31,95
E4_Temperature 1646468088,76221 31,95
E4_Temperature 1646468089,26224 31,95
E4_Temperature 1646468089,51225 31,95
E4_Temperature 1646468090,01227 31,95
E4_Temperature 1646468090,76231 31,97
E4_Temperature 1646468091,01232 31,97
E4_Temperature 1646468090,26228 31,97
E4_Temperature 1646468090,51229 31,97
E4_Temperature 1646468089,76226 31,95
E4_Temperature 1646468091,26233 31,95
E4_Temperature 1646468092,51239 31,97
E4_Temperature 1646468091,51234 31,95
E4_Temperature 1646468092,7624 31,97
E4_Temperature 1646468092,01236 31,95
E4_Temperature 1646468092,26238 31,97
E4_Temperature 1646468091,76235 31,95
E4_Temperature 1646468093,01241 31,97
E4_Temperature 1646468093,26242 31,95
E4_Temperature 1646468093,76244 31,95
E4_Temperature 1646468093,51243 31,95
E4_Temperature 1646468095,0125 31,95
E4_Temperature 1646468094,26247 31,95
E4_Temperature 1646468094,01246 31,95
E4_Temperature 1646468094,51248 31,95
E4_Temperature 1646468094,76249 31,95
E4_Temperature 1646468095,26251 31,95
E4_Temperature 1646468095,51253 31,95
E4_Temperature 1646468096,51257 31,95
E4_Temperature 1646468097,0126 31,95
E4_Temperature 1646468096,76258 31,95
E4_Temperature 1646468095,76254 31,95
E4_Temperature 1646468096,26256 31,95
E4_Temperature 1646468096,01255 31,95
E4_Temperature 1646468097,26261 31,93
E4_Temperature 1646468098,01264 31,93
E4_Temperature 1646468097,51262 31,93
E4_Temperature 1646468098,26265 31,93
E4_Temperature 1646468097,76263 31,93
E4_Temperature 1646468098,76268 31,93
E4_Temperature 1646468098,51266 31,93
E4_Temperature 1646468099,01269 31,93
E4_Temperature 1646468099,2627 31,95
E4_Temperature 1646468100,01273 31,95
E4_Temperature 1646468099,51271 31,95
E4_Temperature 1646468100,26275 31,95
E4_Temperature 1646468099,76272 31,95
E4_Temperature 1646468100,51276 31,95
E4_Temperature 1646468100,76277 31,95
E4_Temperature 1646468101,01278 31,95
E4_Temperature 1646468101,26279 31,93
E4_Temperature 1646468101,76282 31,93
E4_Temperature 1646468103,01287 31,95
E4_Temperature 1646468102,01283 31,93
E4_Temperature 1646468102,26284 31,95
E4_Temperature 1646468102,76286 31,95
E4_Temperature 1646468101,5128 31,93
E4_Temperature 1646468102,51285 31,95
E4_Temperature 1646468103,26288 31,95
E4_Temperature 1646468104,76295 31,93
E4_Temperature 1646468103,5129 31,95
E4_Temperature 1646468104,51294 31,93
E4_Temperature 1646468103,76291 31,95
E4_Temperature 1646468104,01292 31,95
E4_Temperature 1646468105,01297 31,93
E4_Temperature 1646468104,26293 31,93
E4_Temperature 1646468105,26298 31,93
E4_Temperature 1646468105,51299 31,93
E4_Temperature 1646468106,01301 31,93
E4_Temperature 1646468106,51304 31,93
E4_Temperature 1646468107,01306 31,93
E4_Temperature 1646468106,76305 31,93
E4_Temperature 1646468105,763 31,93
E4_Temperature 1646468106,26302 31,93
E4_Temperature 1646468107,26307 31,93
E4_Temperature 1646468107,76309 31,93
E4_Temperature 1646468108,26312 31,93
E4_Temperature 1646468107,51308 31,93
E4_Temperature 1646468108,76314 31,93
E4_Temperature 1646468108,0131 31,93
E4_Temperature 1646468108,51313 31,93
E4_Temperature 1646468109,01315 31,93
E4_Temperature 1646468109,26316 31,95
