R device_connect OK
R device_subscribe bat OK
R device_subscribe tag OK
R device_subscribe ibi OK
R device_subscribe tmp OK
R device_subscribe gsr OK
R device_subscribe acc OK
E4_Temperature 1695130579,78118 34,57
E4_Temperature 1695130580,03119 34,57
E4_Temperature 1695130580,28121 34,57
E4_Temperature 1695130580,78123 34,57
E4_Temperature 1695130580,53122 34,57
E4_Temperature 1695130581,03124 34,57
E4_Temperature 1695130581,53126 34,57
E4_Temperature 1695130581,28125 34,57
E4_Acc 1695130581,52909 -2 50 37
E4_Acc 1695130581,56034 -2 50 37
E4_Acc 1695130581,59159 -1 50 38
E4_Acc 1695130581,68535 -3 50 37
E4_Acc 1695130581,62284 -1 50 37
E4_Acc 1695130581,65409 -2 51 35
E4_Acc 1695130581,7166 -2 50 37
E4_Acc 1695130581,7791 -1 51 37
E4_Acc 1695130581,8416 -1 50 37
E4_Acc 1695130581,87285 0 51 36
E4_Acc 1695130581,74785 -1 50 37
E4_Acc 1695130581,81035 -1 50 37
E4_Gsr 1695130580,545 0,3958836
E4_Gsr 1695130580,795 0,3971648
E4_Gsr 1695130581,545 0,3971648
E4_Gsr 1695130581,795 0,398446
E4_Gsr 1695130581,295 0,3997271
E4_Gsr 1695130581,045 0,3958836
R device_subscribe bvp OK
E4_Acc 1695130581,90411 0 50 37
E4_Acc 1695130581,96661 0 50 37
E4_Acc 1695130581,93536 0 50 37
E4_Acc 1695130581,99786 0 50 37
E4_Acc 1695130582,02911 0 50 37
E4_Acc 1695130582,06036 0 50 36
E4_Bvp 1695130582,00051 -29,84201
E4_Bvp 1695130582,03177 -42,67268
E4_Bvp 1695130582,10989 -56,72816
E4_Bvp 1695130582,01614 -35,96465
E4_Bvp 1695130582,14115 -43,59214
E4_Bvp 1695130582,12552 -51,14173
E4_Bvp 1695130582,07864 -58,72194
E4_Bvp 1695130582,15677 -35,36037
E4_Bvp 1695130582,04739 -49,36186
E4_Bvp 1695130582,09427 -59,38449
E4_Bvp 1695130582,06302 -55,08383
E4_Acc 1695130582,09161 1 51 37
E4_Acc 1695130582,18537 0 50 36
E4_Acc 1695130582,24787 0 50 37
E4_Acc 1695130582,12287 0 50 37
E4_Acc 1695130582,21662 1 50 36
E4_Acc 1695130582,15412 0 50 37
E4_Bvp 1695130582,1724 -27,50698
E4_Bvp 1695130582,20365 -14,99629
E4_Bvp 1695130582,28178 4,517452
E4_Bvp 1695130582,2974 6,571552
E4_Bvp 1695130582,2349 -5,845024
E4_Bvp 1695130582,21927 -10,16993
E4_Bvp 1695130582,25053 -1,876038
E4_Bvp 1695130582,26615 1,646042
E4_Hr 1695130576,5554 109,7092
E4_Ibi 1695130576,5554 0,5469005
E4_Bvp 1695130582,31303 7,841606
E4_Bvp 1695130582,32865 8,545654
E4_Bvp 1695130582,18802 -20,69011
E4_Acc 1695130582,27912 1 50 36
E4_Acc 1695130582,34163 0 50 36
E4_Acc 1695130582,37288 0 51 37
E4_Acc 1695130582,31037 1 51 36
E4_Acc 1695130582,43538 0 50 37
E4_Acc 1695130582,40413 0 51 35
E4_Bvp 1695130582,34428 8,955482
E4_Bvp 1695130582,39116 9,103577
E4_Bvp 1695130582,45366 1,301682
E4_Bvp 1695130582,40678 8,182178
E4_Bvp 1695130582,48491 -4,501991
E4_Bvp 1695130582,50054 -7,27224
E4_Bvp 1695130582,43803 4,11219
E4_Bvp 1695130582,46929 -1,630253
E4_Bvp 1695130582,37553 9,379082
E4_Bvp 1695130582,42241 6,482498
E4_Bvp 1695130582,35991 9,249168
E4_Acc 1695130582,49788 0 50 36
E4_Acc 1695130582,46663 0 50 37
E4_Acc 1695130582,52913 -1 50 36
E4_Acc 1695130582,59164 0 51 35
E4_Acc 1695130582,56039 -1 51 35
E4_Acc 1695130582,62289 1 51 37
E4_Bvp 1695130582,51616 -10,1032
E4_Bvp 1695130582,53179 -13,1152
E4_Bvp 1695130582,57867 -21,15104
E4_Bvp 1695130582,60992 -20,5824
E4_Bvp 1695130582,6568 -6,758648
E4_Bvp 1695130582,67242 -0,6544304
E4_Bvp 1695130582,54742 -16,21725
E4_Bvp 1695130582,62554 -17,41636
E4_Bvp 1695130582,56304 -19,08434
E4_Bvp 1695130582,64117 -12,58689
E4_Bvp 1695130582,59429 -21,79936
E4_Acc 1695130582,65414 -1 50 37
E4_Acc 1695130582,68539 0 50 37
E4_Acc 1695130582,74789 -1 50 37
E4_Acc 1695130582,71664 -1 50 37
E4_Acc 1695130582,8104 0 51 36
E4_Acc 1695130582,77915 -1 51 36
E4_Bvp 1695130582,68805 5,123257
E4_Bvp 1695130582,7193 14,55304
E4_Bvp 1695130582,75055 21,4188
E4_Bvp 1695130582,7818 26,40374
E4_Bvp 1695130582,70367 10,22831
E4_Bvp 1695130582,79743 27,99088
E4_Bvp 1695130582,76618 24,16405
E4_Bvp 1695130582,73492 18,23582
E4_Bvp 1695130582,81305 28,72424
E4_Bvp 1695130582,82868 28,53143
E4_Bvp 1695130582,8443 27,41841
E4_Acc 1695130582,84165 0 50 37
E4_Acc 1695130582,96665 0 51 36
E4_Acc 1695130582,9354 0 50 37
E4_Acc 1695130582,90415 -1 50 36
E4_Acc 1695130582,8729 0 50 37
E4_Acc 1695130582,99791 -1 50 37
E4_Bvp 1695130582,85993 25,51015
E4_Bvp 1695130582,90681 17,31983
E4_Bvp 1695130582,96931 4,211502
E4_Bvp 1695130582,92243 14,26364
E4_Bvp 1695130582,98494 0,5176468
E4_Bvp 1695130583,00056 -3,159111
E4_Bvp 1695130583,01619 -6,682053
E4_Bvp 1695130582,87556 23,05532
E4_Bvp 1695130582,93806 11,11045
E4_Bvp 1695130582,89118 20,26128
E4_Bvp 1695130582,95368 7,75898
E4_Bvp 1695130583,03181 -10,08548
E4_Bvp 1695130583,07869 -20,6628
E4_Bvp 1695130583,15682 -19,32269
E4_Bvp 1695130583,12557 -26,12184
E4_Bvp 1695130583,10994 -25,96893
E4_Bvp 1695130583,14119 -23,86303
E4_Bvp 1695130583,04744 -13,48917
E4_Bvp 1695130583,17244 -13,27659
E4_Bvp 1695130583,18807 -6,777184
E4_Bvp 1695130583,06306 -17,04707
E4_Bvp 1695130583,09432 -23,88839
E4_Acc 1695130583,02916 0 50 36
E4_Acc 1695130583,06041 0 50 37
E4_Acc 1695130583,12291 0 50 37
E4_Acc 1695130583,09166 0 50 37
E4_Acc 1695130583,15416 -1 50 36
E4_Acc 1695130583,18541 0 50 37
E4_Bvp 1695130583,2037 -0,7638931
E4_Bvp 1695130583,25057 11,50553
E4_Bvp 1695130583,3287 19,77814
E4_Bvp 1695130583,21932 4,244301
E4_Bvp 1695130583,2662 14,31816
E4_Bvp 1695130583,28182 16,73076
E4_Bvp 1695130583,34433 19,03517
E4_Bvp 1695130583,35995 17,6597
E4_Bvp 1695130583,23495 8,245796
E4_Bvp 1695130583,29745 18,60247
E4_Bvp 1695130583,31308 19,65794
E4_Acc 1695130583,21667 0 50 36
E4_Acc 1695130583,24792 0 50 37
E4_Acc 1695130583,34167 0 50 37
E4_Acc 1695130583,31042 -1 50 37
E4_Acc 1695130583,27917 0 50 37
E4_Acc 1695130583,37292 0 50 37
E4_Gsr 1695130582,045 0,3946024
E4_Gsr 1695130582,295 0,3946024
E4_Gsr 1695130582,795 0,3946024
E4_Gsr 1695130582,545 0,3933213
E4_Gsr 1695130583,295 0,3958836
E4_Gsr 1695130583,045 0,3933213
E4_Bvp 1695130583,37558 15,94514
E4_Bvp 1695130583,3912 14,07837
E4_Bvp 1695130583,46933 3,020149
E4_Bvp 1695130583,40683 12,16968
E4_Bvp 1695130583,43808 7,982246
E4_Bvp 1695130583,48496 0,3527985
E4_Bvp 1695130583,51621 -4,894684
E4_Bvp 1695130583,53184 -7,447723
E4_Bvp 1695130583,50058 -2,312744
E4_Bvp 1695130583,45371 5,595978
E4_Bvp 1695130583,42246 10,15598
E4_Temperature 1695130581,78128 34,55
E4_Temperature 1695130582,53131 34,55
E4_Temperature 1695130583,53136 34,55
E4_Temperature 1695130582,78132 34,55
E4_Temperature 1695130582,2813 34,55
E4_Temperature 1695130583,03133 34,55
E4_Temperature 1695130582,03129 34,55
E4_Temperature 1695130583,28135 34,55
E4_Acc 1695130583,40418 -1 50 36
E4_Acc 1695130583,49793 0 50 37
E4_Acc 1695130583,52918 -1 50 37
E4_Acc 1695130583,43543 -1 51 36
E4_Acc 1695130583,46668 0 50 36
E4_Acc 1695130583,56043 -1 50 36
E4_Bvp 1695130583,54746 -10,10048
E4_Bvp 1695130583,60996 -21,96092
E4_Bvp 1695130583,62559 -23,18127
E4_Bvp 1695130583,67247 -15,25937
E4_Bvp 1695130583,70372 -4,427322
E4_Bvp 1695130583,65684 -19,71286
E4_Bvp 1695130583,68809 -9,87973
E4_Bvp 1695130583,56309 -13,01689
E4_Bvp 1695130583,64122 -22,4944
E4_Bvp 1695130583,57871 -16,21564
E4_Bvp 1695130583,59434 -19,39501
E4_Acc 1695130583,59168 -1 50 36
E4_Acc 1695130583,62294 -2 50 37
E4_Acc 1695130583,65419 -2 50 36
E4_Acc 1695130583,68544 -4 50 35
E4_Acc 1695130583,74794 0 50 37
E4_Acc 1695130583,71669 -2 50 35
E4_Bvp 1695130583,71934 0,4618454
E4_Bvp 1695130583,7506 8,030495
E4_Bvp 1695130583,76622 11,05529
E4_Bvp 1695130583,8131 17,02689
E4_Bvp 1695130583,84435 15,8746
E4_Bvp 1695130583,73497 4,572906
E4_Bvp 1695130583,82872 17,04396
E4_Bvp 1695130583,78185 13,7103
E4_Bvp 1695130583,85998 13,79488
E4_Bvp 1695130583,8756 11,29002
E4_Bvp 1695130583,79747 15,82102
E4_Acc 1695130583,77919 6 50 40
E4_Acc 1695130583,87295 -2 49 35
E4_Acc 1695130583,8417 -1 49 35
E4_Acc 1695130583,81044 5 49 39
E4_Acc 1695130583,93545 8 48 42
E4_Acc 1695130583,9042 3 48 40
E4_Bvp 1695130583,89123 8,813828
E4_Bvp 1695130583,9381 2,477448
E4_Bvp 1695130584,03186 -14,29689
E4_Bvp 1695130583,98498 -5,733749
E4_Bvp 1695130584,00061 -8,768196
E4_Bvp 1695130583,95373 0,07709503
E4_Bvp 1695130584,04748 -16,89491
E4_Bvp 1695130584,01623 -11,62518
E4_Bvp 1695130583,90685 6,598137
E4_Bvp 1695130583,96936 -2,715836
E4_Bvp 1695130583,92248 4,572922
E4_Acc 1695130583,9667 9 48 40
E4_Acc 1695130584,0292 3 47 40
E4_Acc 1695130584,06046 1 47 40
E4_Acc 1695130583,99795 4 48 40
E4_Acc 1695130584,09171 2 48 40
E4_Acc 1695130584,12296 2 49 40
E4_Bvp 1695130584,06311 -19,48681
E4_Bvp 1695130584,12561 -22,68919
E4_Bvp 1695130584,18812 0,01309204
E4_Bvp 1695130584,21937 10,85185
E4_Bvp 1695130584,07874 -21,91574
E4_Bvp 1695130584,10999 -24,18968
E4_Bvp 1695130584,17249 -6,73465
E4_Bvp 1695130584,09436 -23,71966
E4_Bvp 1695130584,15686 -13,41784
E4_Bvp 1695130584,20374 6,005486
E4_Bvp 1695130584,14124 -19,0028
E4_Acc 1695130584,15421 0 48 39
E4_Acc 1695130584,27922 -4 48 39
E4_Acc 1695130584,31047 -6 49 37
E4_Acc 1695130584,18546 -2 47 40
E4_Acc 1695130584,21671 -3 46 42
E4_Acc 1695130584,24796 -3 47 41
E4_Bvp 1695130584,23499 14,52938
E4_Bvp 1695130584,25062 17,30363
E4_Bvp 1695130584,34437 20,87639
E4_Bvp 1695130584,37562 19,34547
E4_Bvp 1695130584,36 20,07599
E4_Bvp 1695130584,26624 19,42574
E4_Bvp 1695130584,28187 20,94785
E4_Bvp 1695130584,2975 21,82524
E4_Bvp 1695130584,31312 22,03224
E4_Bvp 1695130584,32875 21,6256
E4_Bvp 1695130584,39125 18,63987
E4_Acc 1695130584,34172 -6 49 36
E4_Acc 1695130584,40422 -2 48 38
E4_Acc 1695130584,43547 0 50 38
E4_Acc 1695130584,37297 -3 49 38
E4_Acc 1695130584,49798 -2 50 38
E4_Acc 1695130584,46672 -1 49 38
E4_Bvp 1695130584,40688 17,74237
E4_Bvp 1695130584,43813 14,3114
E4_Bvp 1695130584,53188 -8,54039
E4_Bvp 1695130584,45375 11,58849
E4_Bvp 1695130584,485 4,476067
E4_Bvp 1695130584,46938 8,248611
E4_Bvp 1695130584,4225 16,35511
E4_Bvp 1695130584,54751 -13,31281
E4_Bvp 1695130584,56313 -18,19168
E4_Bvp 1695130584,50063 0,3926163
E4_Bvp 1695130584,51626 -3,962341
E4_Acc 1695130584,52923 -5 49 38
E4_Acc 1695130584,59173 3 48 47
E4_Acc 1695130584,65423 2 48 39
E4_Acc 1695130584,62298 5 45 47
E4_Acc 1695130584,56048 -4 49 39
E4_Acc 1695130584,68548 -12 54 25
E4_Bvp 1695130584,57876 -22,85991
E4_Bvp 1695130584,59438 -26,82874
E4_Bvp 1695130584,67251 -18,17337
E4_Bvp 1695130584,71939 2,912094
E4_Bvp 1695130584,73502 8,882172
E4_Bvp 1695130584,68814 -11,13557
E4_Bvp 1695130584,62564 -30,02144
E4_Bvp 1695130584,70376 -3,892921
E4_Bvp 1695130584,61001 -29,42845
E4_Bvp 1695130584,65689 -24,13812
E4_Bvp 1695130584,64126 -28,2318
E4_Acc 1695130584,71674 -16 53 25
E4_Acc 1695130584,77924 -13 51 32
E4_Acc 1695130584,81049 -10 51 33
E4_Acc 1695130584,74799 -16 50 32
E4_Acc 1695130584,84174 -6 53 34
E4_Acc 1695130584,87299 -6 53 34
E4_Bvp 1695130584,75064 13,88268
E4_Bvp 1695130584,76627 17,9173
E4_Bvp 1695130584,79752 22,96161
E4_Bvp 1695130584,78189 20,97601
E4_Bvp 1695130584,81314 23,83533
E4_Bvp 1695130584,89127 14,01425
E4_Bvp 1695130584,9069 10,29673
E4_Bvp 1695130584,8444 22,27361
E4_Bvp 1695130584,87565 17,32591
E4_Bvp 1695130584,82877 23,58606
E4_Bvp 1695130584,86002 20,12466
E4_Gsr 1695130583,545 0,3920401
E4_Gsr 1695130583,795 0,3946024
E4_Gsr 1695130584,795 0,3946024
E4_Gsr 1695130584,545 0,3958836
E4_Gsr 1695130584,295 0,3958836
E4_Gsr 1695130584,045 0,3920401
E4_Acc 1695130584,90424 -6 52 33
E4_Acc 1695130584,96675 -4 53 33
E4_Acc 1695130584,998 -6 53 34
E4_Acc 1695130584,9355 -6 53 33
E4_Acc 1695130585,02925 -8 53 33
E4_Acc 1695130585,0605 -9 53 32
E4_Bvp 1695130584,92252 6,224602
E4_Bvp 1695130584,9694 -6,748528
E4_Bvp 1695130585,06316 -21,48388
E4_Bvp 1695130585,07878 -22,83266
E4_Bvp 1695130585,00065 -13,87904
E4_Bvp 1695130585,04753 -20,1435
E4_Bvp 1695130584,93815 1,90107
E4_Bvp 1695130584,95378 -2,503685
E4_Bvp 1695130585,0319 -18,56137
E4_Bvp 1695130584,98503 -10,60896
E4_Bvp 1695130585,01628 -16,51714
E4_Bvp 1695130585,09441 -24,44357
E4_Bvp 1695130585,14129 -30,13933
E4_Bvp 1695130585,12566 -28,4847
E4_Bvp 1695130585,15691 -30,56636
E4_Bvp 1695130585,23504 -2,459549
E4_Bvp 1695130585,25067 5,485825
E4_Bvp 1695130585,11003 -26,40045
E4_Bvp 1695130585,17254 -28,98267
E4_Bvp 1695130585,18816 -24,95939
E4_Bvp 1695130585,21941 -10,82582
E4_Bvp 1695130585,20379 -18,67003
E4_Acc 1695130585,09175 -8 53 32
E4_Acc 1695130585,18551 -7 53 33
E4_Acc 1695130585,21676 -7 52 33
E4_Acc 1695130585,123 -6 53 32
E4_Acc 1695130585,15426 -6 53 33
E4_Acc 1695130585,24801 -7 52 33
E4_Bvp 1695130585,26629 12,45146
E4_Ibi 1695130580,05556 0,5156491
E4_Bvp 1695130585,31317 26,94695
E4_Bvp 1695130585,37567 31,56049
E4_Bvp 1695130585,3913 30,20869
E4_Bvp 1695130585,40692 28,44438
E4_Bvp 1695130585,42255 26,53519
E4_Bvp 1695130585,28192 18,28023
E4_Hr 1695130580,05556 116,3582
E4_Bvp 1695130585,29754 23,08566
E4_Bvp 1695130585,32879 29,83411
E4_Bvp 1695130585,34442 31,5937
E4_Bvp 1695130585,36005 32,12624
E4_Acc 1695130585,27926 -7 52 33
E4_Acc 1695130585,34176 -6 52 34
E4_Acc 1695130585,31051 -7 53 33
E4_Acc 1695130585,40427 -6 52 33
E4_Acc 1695130585,37302 -6 52 33
E4_Acc 1695130585,43552 -6 52 33
E4_Temperature 1695130583,78137 34,55
E4_Temperature 1695130584,28139 34,55
E4_Temperature 1695130584,5314 34,55
E4_Temperature 1695130585,03143 34,57
E4_Temperature 1695130585,28144 34,57
E4_Temperature 1695130584,03138 34,55
E4_Temperature 1695130585,53145 34,57
E4_Temperature 1695130584,78141 34,57
E4_Bvp 1695130585,43817 24,56155
E4_Bvp 1695130585,46943 19,93401
E4_Bvp 1695130585,4538 22,40096
E4_Bvp 1695130585,50068 13,95188
E4_Bvp 1695130585,56318 0,3923035
E4_Bvp 1695130585,48505 17,10565
E4_Bvp 1695130585,53193 7,232063
E4_Bvp 1695130585,59443 -7,017944
E4_Bvp 1695130585,5163 10,61584
E4_Bvp 1695130585,54755 3,840599
E4_Bvp 1695130585,57881 -3,203758
E4_Acc 1695130585,46677 -6 52 34
E4_Acc 1695130585,56052 -7 53 33
E4_Acc 1695130585,62303 -7 53 33
E4_Acc 1695130585,52927 -6 52 34
E4_Acc 1695130585,49802 -6 52 34
E4_Acc 1695130585,59178 -6 52 33
E4_Bvp 1695130585,61006 -11,04057
E4_Bvp 1695130585,65693 -23,92639
E4_Bvp 1695130585,67256 -28,21922
E4_Bvp 1695130585,70381 -35,04545
E4_Bvp 1695130585,71944 -36,43301
E4_Bvp 1695130585,68819 -32,09731
E4_Bvp 1695130585,64131 -19,54967
E4_Bvp 1695130585,62568 -15,228
E4_Bvp 1695130585,75069 -32,36547
E4_Bvp 1695130585,76631 -26,50151
E4_Bvp 1695130585,73506 -35,66472
E4_Acc 1695130585,65428 -7 53 33
E4_Acc 1695130585,71678 -7 53 32
E4_Acc 1695130585,81054 -8 53 32
E4_Acc 1695130585,68553 -7 53 32
E4_Acc 1695130585,77928 -8 53 32
E4_Acc 1695130585,74803 -8 53 32
E4_Bvp 1695130585,78194 -18,44686
E4_Bvp 1695130585,82882 12,77924
E4_Bvp 1695130585,81319 1,875641
E4_Hr 1695130580,58684 112,936
E4_Bvp 1695130585,84444 23,31227
E4_Bvp 1695130585,89132 46,2101
E4_Bvp 1695130585,79757 -8,758804
E4_Bvp 1695130585,87569 40,58493
E4_Bvp 1695130585,86007 32,78889
E4_Bvp 1695130585,92257 50,24312
E4_Bvp 1695130585,9382 49,10146
E4_Bvp 1695130585,90695 49,41335
E4_Ibi 1695130580,58684 0,5312746
E4_Acc 1695130585,84179 -8 53 33
E4_Acc 1695130585,90429 -8 53 32
E4_Acc 1695130585,93554 -8 53 33
E4_Acc 1695130585,87304 -8 53 32
E4_Acc 1695130585,96679 -8 53 32
E4_Acc 1695130585,99804 -8 53 33
E4_Bvp 1695130585,95382 46,46938
E4_Bvp 1695130585,96945 42,78303
E4_Bvp 1695130586,0632 12,12209
E4_Bvp 1695130586,09445 3,391113
E4_Bvp 1695130586,11008 -0,2699051
E4_Bvp 1695130585,98507 38,404
E4_Bvp 1695130586,0007 33,49046
E4_Bvp 1695130586,04758 17,2656
E4_Bvp 1695130586,03195 22,70908
E4_Bvp 1695130586,01633 28,19131
E4_Bvp 1695130586,07883 7,491692
E4_Acc 1695130586,0293 -7 52 33
E4_Acc 1695130586,12305 -8 53 32
E4_Acc 1695130586,18555 -8 53 32
E4_Acc 1695130586,0918 -8 53 32
E4_Acc 1695130586,06055 -8 53 33
E4_Acc 1695130586,1543 -7 53 32
E4_Bvp 1695130586,12571 -3,623268
E4_Bvp 1695130586,17258 -13,27582
E4_Bvp 1695130586,14133 -6,83424
E4_Bvp 1695130586,26634 -28,46422
E4_Bvp 1695130586,28196 -26,55895
E4_Bvp 1695130586,21946 -23,65733
E4_Bvp 1695130586,25071 -28,37267
E4_Bvp 1695130586,15696 -10,01458
E4_Bvp 1695130586,20383 -20,22435
E4_Bvp 1695130586,23509 -26,56767
E4_Bvp 1695130586,18821 -16,6913
E4_Acc 1695130586,21681 -8 53 32
E4_Acc 1695130586,27931 -8 52 33
E4_Acc 1695130586,37306 -8 52 33
E4_Acc 1695130586,24806 -8 53 31
E4_Acc 1695130586,31056 -7 52 34
E4_Acc 1695130586,34181 -8 52 33
E4_Gsr 1695130585,045 0,3920401
E4_Gsr 1695130585,795 0,3907589
E4_Gsr 1695130586,295 0,3907589
E4_Gsr 1695130585,545 0,3933213
E4_Gsr 1695130585,295 0,3920401
E4_Gsr 1695130586,045 0,3946024
E4_Bvp 1695130586,29759 -22,76878
E4_Bvp 1695130586,34447 -6,76799
E4_Bvp 1695130586,40697 6,149166
E4_Bvp 1695130586,37572 1,353436
E4_Ibi 1695130581,14936 0,562526
E4_Bvp 1695130586,42259 7,583069
E4_Bvp 1695130586,43822 8,384693
E4_Bvp 1695130586,45385 8,547012
E4_Bvp 1695130586,36009 -2,230869
E4_Bvp 1695130586,39134 4,088093
E4_Bvp 1695130586,31321 -17,66787
E4_Bvp 1695130586,32884 -12,07973
E4_Hr 1695130581,14936 106,6617
E4_Acc 1695130586,40431 -8 53 33
E4_Acc 1695130586,49807 -8 53 33
E4_Acc 1695130586,56057 -8 53 32
E4_Acc 1695130586,46682 -8 53 33
E4_Acc 1695130586,52932 -8 53 33
E4_Acc 1695130586,43557 -8 52 33
E4_Bvp 1695130586,46947 8,132347
E4_Bvp 1695130586,51635 5,818069
E4_Bvp 1695130586,57885 0,3258476
E4_Bvp 1695130586,6101 -5,237003
E4_Bvp 1695130586,62573 -7,993328
E4_Bvp 1695130586,50072 6,59565
E4_Bvp 1695130586,59448 -2,337936
E4_Bvp 1695130586,5476 3,989166
E4_Bvp 1695130586,53197 5,02393
E4_Bvp 1695130586,4851 7,40464
E4_Bvp 1695130586,56323 2,462318
E4_Acc 1695130586,59182 -9 52 33
E4_Acc 1695130586,65433 -9 53 32
E4_Acc 1695130586,62307 -9 53 32
E4_Acc 1695130586,71683 -10 53 32
E4_Acc 1695130586,74808 -10 53 32
E4_Acc 1695130586,68558 -10 53 32
E4_Bvp 1695130586,64135 -10,38665
E4_Bvp 1695130586,68823 -16,33637
E4_Bvp 1695130586,65698 -12,4044
E4_Bvp 1695130586,70386 -18,81671
E4_Bvp 1695130586,75073 -27,3525
E4_Bvp 1695130586,76636 -28,76751
E4_Bvp 1695130586,67261 -14,28302
E4_Bvp 1695130586,73511 -24,76034
E4_Bvp 1695130586,78199 -28,41772
E4_Bvp 1695130586,79761 -25,99521
E4_Bvp 1695130586,71948 -21,72255
E4_Acc 1695130586,77933 -10 53 32
E4_Acc 1695130586,87309 -10 53 31
E4_Acc 1695130586,84183 -10 53 32
E4_Acc 1695130586,81058 -10 53 32
E4_Acc 1695130586,90434 -10 53 32
E4_Acc 1695130586,93559 -10 53 32
E4_Bvp 1695130586,81324 -21,59629
E4_Bvp 1695130586,82886 -15,69362
E4_Bvp 1695130586,84449 -8,9981
E4_Bvp 1695130586,87574 4,048727
E4_Hr 1695130581,72751 103,779
E4_Ibi 1695130581,72751 0,5781517
E4_Bvp 1695130586,92262 17,27143
E4_Bvp 1695130586,93824 19,78441
E4_Bvp 1695130586,95387 21,39738
E4_Bvp 1695130586,96949 22,08932
E4_Bvp 1695130586,89137 9,43128
E4_Bvp 1695130586,86011 -2,211649
E4_Bvp 1695130586,90699 13,83808
E4_Acc 1695130586,96684 -10 53 32
E4_Acc 1695130587,02934 -10 53 32
E4_Acc 1695130587,06059 -10 53 32
E4_Acc 1695130586,99809 -10 53 32
E4_Acc 1695130587,09185 -10 53 32
E4_Acc 1695130587,1231 -10 53 32
E4_Bvp 1695130586,98512 21,91602
E4_Bvp 1695130587,01637 19,60338
E4_Bvp 1695130587,11013 7,015648
E4_Bvp 1695130587,14138 0,9230556
E4_Bvp 1695130587,04762 16,17655
E4_Bvp 1695130587,032 17,94052
E4_Bvp 1695130587,0945 9,806713
E4_Bvp 1695130587,12575 3,998465
E4_Bvp 1695130587,07887 12,22799
E4_Bvp 1695130587,06325 14,30536
E4_Bvp 1695130587,00075 21,01177
E4_Bvp 1695130587,157 -1,987833
E4_Bvp 1695130587,18825 -6,965102
E4_Bvp 1695130587,21951 -11,44065
E4_Bvp 1695130587,17263 -4,616347
E4_Bvp 1695130587,25076 -16,73396
E4_Bvp 1695130587,28201 -22,494
E4_Bvp 1695130587,26638 -19,70013
E4_Bvp 1695130587,23513 -13,92929
E4_Bvp 1695130587,20388 -9,180238
E4_Bvp 1695130587,29763 -24,53337
E4_Bvp 1695130587,31326 -25,19282
E4_Acc 1695130587,15435 -10 53 32
E4_Acc 1695130587,21685 -10 53 32
E4_Acc 1695130587,2481 -10 53 32
E4_Acc 1695130587,1856 -10 53 31
E4_Acc 1695130587,27935 -10 53 32
E4_Acc 1695130587,31061 -11 53 31
E4_Bvp 1695130587,32889 -23,99462
E4_Bvp 1695130587,40702 1,452685
E4_Hr 1695130582,21191 123,8652
E4_Ibi 1695130582,21191 0,4843976
E4_Bvp 1695130587,39139 -4,213337
E4_Bvp 1695130587,42264 6,373999
E4_Bvp 1695130587,37576 -10,25955
E4_Bvp 1695130587,34451 -20,84921
E4_Bvp 1695130587,36014 -16,06052
E4_Bvp 1695130587,43827 10,45302
E4_Bvp 1695130587,45389 13,76836
E4_Bvp 1695130587,46952 16,40422
E4_Bvp 1695130587,48514 18,36224
E4_Acc 1695130587,34186 -10 53 31
E4_Acc 1695130587,43561 -11 53 31
E4_Acc 1695130587,46686 -11 53 31
E4_Acc 1695130587,37311 -10 53 31
E4_Acc 1695130587,40436 -11 53 31
E4_Acc 1695130587,49811 -10 53 31
E4_Temperature 1695130585,78146 34,57
E4_Temperature 1695130586,28148 34,57
E4_Temperature 1695130586,78151 34,57
E4_Temperature 1695130586,03147 34,57
E4_Temperature 1695130586,5315 34,57
E4_Temperature 1695130587,28153 34,57
E4_Temperature 1695130587,03152 34,57
E4_Temperature 1695130587,53154 34,57
E4_Bvp 1695130587,50077 19,59482
E4_Bvp 1695130587,5164 20,05312
E4_Bvp 1695130587,61015 11,98491
E4_Bvp 1695130587,54765 18,81649
E4_Bvp 1695130587,5789 15,81604
E4_Bvp 1695130587,59452 14,00003
E4_Bvp 1695130587,56327 17,44811
E4_Bvp 1695130587,53202 19,75416
E4_Bvp 1695130587,6414 7,2331
E4_Bvp 1695130587,65703 4,597281
E4_Bvp 1695130587,62578 9,72788
E4_Acc 1695130587,52937 -11 53 31
E4_Acc 1695130587,59187 -11 53 31
E4_Acc 1695130587,65437 -11 53 31
E4_Acc 1695130587,68562 -11 53 31
E4_Acc 1695130587,56062 -11 53 31
E4_Acc 1695130587,62312 -11 53 31
E4_Bvp 1695130587,67265 1,973698
E4_Bvp 1695130587,7039 -2,626073
E4_Bvp 1695130587,78203 -15,03356
E4_Bvp 1695130587,81328 -22,36542
E4_Bvp 1695130587,82891 -25,16655
E4_Bvp 1695130587,71953 -4,593999
E4_Bvp 1695130587,68828 -0,4616174
E4_Bvp 1695130587,73516 -6,587788
E4_Bvp 1695130587,76641 -11,68144
E4_Bvp 1695130587,75078 -8,88579
E4_Bvp 1695130587,79766 -18,74722
E4_Acc 1695130587,71687 -11 53 31
E4_Acc 1695130587,84188 -12 53 31
E4_Acc 1695130587,87313 -12 53 30
E4_Acc 1695130587,77938 -11 53 31
E4_Acc 1695130587,74813 -11 53 30
E4_Acc 1695130587,81063 -11 53 31
E4_Gsr 1695130586,545 0,3933213
E4_Gsr 1695130587,545 0,3920401
E4_Gsr 1695130587,795 0,3907589
E4_Gsr 1695130586,795 0,3907589
E4_Gsr 1695130587,295 0,3894777
E4_Gsr 1695130587,045 0,3920401
E4_Bvp 1695130587,84454 -26,42571
